INSERT INTO `data_alimento` (
  `nombre`,`calorias`,`humedad`,`proteina`,`grasas`,`carbohidratos_disponibles`,`carbohidratos_totales`,`fibra_dietetica_total`,`fibra_dietetica_insoluble`,`cenizas`,`calcio`,`fosforo`,`hierro`,`magnesio`,`zinc`,`cobre`,`sodio`,`potasio`,`vitamina_a`,`caroteno_equivalente_total`,`tiamina`,`riboflavina`,`niacina`,`vitamina_b6`,`acido_ascorbico`)
VALUES('arroz blanco',345,13,8.1,0.7,76.5,77.7,1.2,0.8,0.5,8,147,0.9,0,0,0,0,0,0,0,0.08,0.04,1.5,0,0),
('arroz blanco cocido (sancochado)',106,73.1,2.2,0.1,24,24.4,0.4,0,0.2,2,27,0.3,0,0,0,0,0,0,0,0.01,0.02,0.2,0,0),
('arroz blanco, variedad araure',353,11.3,8.6,0.6,78.4,79.2,0.8,0,0.3,9,78,0.5,20,1.6,0,7,58,0,0,0.07,0.02,0.8,0,0),
('arroz blanco, variedad cimarron',355,10.9,6.1,0.9,80.5,81.7,1.2,0,0.4,11,87,0.4,33,1.6,0,7,67,0,0,0.11,0.03,1.4,0,0),
('arroz blanco, variedad oryzica',353,10.9,9.2,0.6,77.6,78.9,1.3,0,0.4,7,69,0.3,23,1.4,0.2,7,68,0,0,0.1,0.01,1.2,0,0),
('harina de arroz',366,8.1,7.6,0.7,0,82.9,0,0,0.7,7,157,1.4,0,0,0,0,0,0,0,0.1,0.5,2.5,0,0),
('harina enriquecida de arroz',370,7.1,8.5,0.7,0,83,0,0,0.7,500,250,15,0,0,0,0,0,900,0,1,1.2,10,0,0),
('arroz integral',354,8.3,8.5,1.5,76.7,80.3,3.6,3,1.4,14,318,2.5,0,0,0,0,0,0,0,0.42,0.08,5.6,0,0),
('arroz integral cocido (sancochado)',96,74.3,2.4,0.3,20.8,22.6,1.8,1.7,0.4,4,88,0.8,0,0,0,0,0,0,0,0,0.03,1.8,0,0),
('arroz integral, variedad araure',351,11.9,8.9,2.9,72.2,75.3,3.1,0,1.1,14,232,1,107,2.3,0.2,7,217,0,0,0.3,0.08,5.8,0,0),
('arroz integral, variedad cimarron',352,11.3,6.8,2.7,75,78.1,3.1,0,1.1,13,184,0.9,101,2,0,7,277,0,0,0.28,0.08,5.9,0,0),
('arroz integral, variedad oryzica',350,11.4,9.6,3.3,10.5,74,3.5,0,1.7,11,288,0.9,120,2.1,0.5,7,237,0,0,0.35,0.08,5.8,0,0),
('harina de avena',384,8.7,14.7,8.6,61.9,66.1,4.2,3.6,1.9,81,438,4.2,131,0,0,6,268,0,0,0.41,0.09,0.8,0.2,0),
('hojuelas de avena',348,10.2,9.6,7.3,61,71.2,10.2,8,1.7,50,370,4.8,139,4,0.53,7,348,0,0,0.55,0.14,1.1,0.16,0),
('hojuelas saborizadas de avena',395,7.2,5.4,5.8,0,80.3,0,0,1.3,0,0,0,0,0,0,0,0,0,0,0,0,0,0,0),
('cebada grano entero',317,10.3,11.3,1.8,64,74,10,0,2.6,44,390,4,114,2.5,0.4,18,444,0,0,0.47,0.11,5.9,0.56,0),
('harina enriquecida de cebada',356,8.2,8.3,2.2,75.8,80.4,4.6,3.6,0.9,500,250,15,0,0,0,0,0,900,0,1,1.2,10,0,0),
('cebada perlada ',323,10.9,9,1,69.5,78,8.5,5.8,1.1,21,244,2,0,0,0,0,0,0,0,0.15,0.08,3.5,0,0),
('arepa de (1), enriquecida maiz a.',184,49.6,4.2,0.7,40.2,44.1,3.9,3.6,1.4,7,42,12.5,0,0,0,0,0,105,0,0.15,0.12,2.4,0,0),
('maiz grano entero',284,14.3,8.5,4,53.6,72.4,18.8,17.1,0.8,9,276,3,0,0,0,0,0,30,180,0.37,0.11,2,0,0),
('harina de grano completo (funche) m.a.',286,9.9,7.3,3.5,76,78.2,2.2,0,1.1,6,178,1.8,0,0,0,0,0,44,264,0.3,0.08,1.9,0,0),
('harina precocida de maiz a.',355,9.2,7.2,1.2,78.8,82,3.2,3,0.4,12,76,1,0,0,0,0,0,30,180,0.11,0,0.9,0,0),
('harina precocida enriquecida de m.a.',355,9.2,7.2,1.2,78.8,82,3.2,3,0.4,12,76,5,0,0,0,0,0,300,180,0.31,0.25,5.1,0,0),
('hojuelas azucaradas enriquecidas de (cereal desayuno) maiz a.',363,4.6,3.7,0.1,86.7,90,3.3,0,1.6,14,60,11.7,0,0,0,600,50,833,0,0.93,1.4,16,1.67,50),
('hojuelas enriquecidas de (cereal desayuno) maiz a.',350,6.7,6.7,0.4,80,83.3,3.3,0,2.9,13,58,11.7,14,5,0.2,940,120,860,0,0.93,1.43,16,1.67,50),
('maiz a. inflado azucarado enqriquecido (cereal desayuno)',369,4.2,5.5,0,86.7,90,3.3,0,0.3,0,0,11.7,0,5,0,267,133,833,0,0.92,1.42,15.8,1.67,50),
('maiz a. tierno enlatado, estilo crema',77,78.1,1.5,0.2,17.2,18.2,1.7,1.2,1.3,10,40,0.6,0,0,0,0,0,11,66,0.01,0.03,0.6,0,4),
('maiz a. enlatado, grano entero',85,76.4,2.5,0.3,18,19.9,1.9,1.8,0.9,10,58,0.9,0,0,0,0,0,7,42,0.04,0.07,0.9,0,5),
('arepa de(1)enriquecida maiz blanco',168,54.1,3.8,0.6,36.9,40.5,3.6,3.3,1,7,32,2.5,0,0,0,0,0,65,0,0.15,0.12,2.4,0,0),
('arepa de(1)grano pelado con cal m.b',196,52.1,5.7,2.5,0,38.5,0,0,1.2,75,153,2,0,0,0,0,0,0,0,0.11,0.02,0.4,0,0),
('maiz blanco grano entero',286,14.3,9,4.3,52.8,71.6,18.8,17.1,0.8,8,295,3,0,0,0,0,0,0,0,0.37,0.11,1.9,0,0),
('harina integral precocida de maiz b.',354,9.8,7.1,3.8,72.9,78.4,5.5,5.2,0.9,7,120,2,43,1.4,0.2,0,196,0,0,0.07,0.06,1.3,0,0),
('harina precocida de maiz blanco',354,11.2,7.2,1.1,77.7,80.2,2.5,1.8,0.3,12,64,0.9,0,0,0,0,0,0,0,0.06,0.05,0.6,0,0),
('harina precocida enriquecida de m.a.',354,11.2,7.2,1.1,77.7,80.2,2.5,1.8,0.3,12,64,5,0,0,0,0,0,270,0,0.31,0.25,5.1,0,0),
('hallaquita de (16) maiz blanco',130,67.5,2.6,0.3,28.6,29.3,0.7,0,0.3,4,20,1.8,0,0,0,0,0,0,0,0.1,0.12,2.2,0,0),
('maiz blanco pilado',339,12.2,7.8,1.5,73.6,78.1,4.5,4,0.4,9,107,1.3,0,0,0,0,0,0,0,0.12,0.03,1.1,0,0),
('maiz cariaca, harina de maiz blanco',360,11.2,9.5,4.1,0,73.7,0,0,1.5,12,307,3.1,0,0,0,0,0,0,0,0.09,0.13,1.8,0,0),
('maiz tostado, harina de maiz blanco',364,10.8,9.9,4.6,0,73.3,0,0,1.4,20,307,4.2,0,0,0,0,0,0,0,0.18,0.11,1.6,0,0),
('maicena enriquecida (almidon de maiz)',345,13.5,0.6,0.2,0,85.6,0,0,0.1,8,16,3.6,0,0,0,0,0,0,0,0.5,0.2,3,0,0),
('maiz tierno (jojoto)',98,74.1,3.4,1,18.8,20.7,1.9,0,0.8,15,111,0.5,0,0,0,0,0,30,180,0.2,0.08,2,0,0),
('galletas de soda',415,6.8,8.6,10.2,0,72.4,0,0,2,71,11,1.6,0,0,0,0,0,0,0,0.04,0.18,0.8,0,0),
('dulce (tipo maria) galletas',420,4.5,7.7,9.2,0,77.1,0,0,1.5,47,132,1.5,0,0,0,0,0,0,0,0.09,0.06,1,0,0),
('integrales dulces (honey bran)',392,3.8,8,13.5,66.8,73.2,6.4,3.3,1.5,0,0,0,0,0,0,0,0,0,0,0,0,0,0,0),
('integrales saladas (kracker bran) ',412,3.6,9.7,12.6,65,71.4,6.4,3.8,2.7,0,0,0,0,0,0,0,0,0,0,0,0,0,0,0),
('saltines galletas',415,3.8,10.3,9.4,0,72.8,0,0,3.7,39,134,4.6,0,0,0,0,0,0,0,0.22,0.25,4.1,0,0),
('galletas simples surtidas',438,4.7,6,12.7,0,75,0,0,1.6,22,65,0.6,0,0,0,0,0,0,0,0.04,0.04,0.5,0,0),
('pan blanco tipo sandwich',263,33.9,9.4,3,49.6,52.2,2.6,1.7,1.5,32,99,7,0,0,0,0,0,0,0,0.35,0.49,5.8,0,0),
('pan canilla',295,24.6,11.4,2.3,57,60.2,3.1,0,1.5,27,120,2.9,40,3.9,0,283,131,0,0,0.18,0.26,3.7,0,0),
('pan de centeno',257,33.8,9.2,0.7,48.1,54.6,6.5,6.5,1.7,38,178,2.8,0,0,0,0,0,0,0,0.19,0.08,1.1,0,0),
('pan de gluten',299,26.3,17.3,1.8,0,54,0,0,0.6,42,131,2.6,0,0,0,0,0,0,0,0.16,0.15,1.3,0,0),
('pan de trigo integral',241,34.7,9,2.6,45.4,51.6,6.2,0,2.1,75,215,3.6,0,0,0,0,0,0,0,0.26,0.2,2.3,0,0),
('pan de horno (25)',416,9.3,5.1,16.7,0,67.4,0,0,1.5,39,0,6,0,0,0,0,0,0,0,0.17,0.1,1.4,0,0),
('panela de san joaquin (26) pan',370,12.6,6.3,5.3,0,74.8,0,0,1,55,149,5.2,0,0,0,0,0,0,0,0.06,0.1,0.2,0,0),
('pasta no enriquecidas',363,10.4,15.6,1.6,0,71.9,0,0,0.5,35,117,2.5,0,0,0,0,0,0,0,0.17,0.07,1.5,0,0),
('pasta no enriquecidas cocidas',113,72.1,4.3,0.6,0,22.6,0,0,0.4,21,33,0.7,0,0,0,0,0,0,0,0.02,0.02,0.5,0,0),
('pasta enriquecidas',353,13.1,15,1.9,0,69.3,0,0,0.7,25,174,5.2,0,0,0,0,0,0,0,1.07,0.67,8.7,0,0),
('pasta enriquecidas cocidas',124,69.4,4.6,0.7,0,24.9,0,0,0.4,9,58,2.8,0,0,0,0,0,0,0,0.6,0.18,2.3,0,0),
('pasta al huevo',372,9,15.6,2.3,0,72.4,0,0,0.7,48,118,2.3,0,0,0,0,0,0,0,0.13,0.07,2.2,0,0),
('pasta al huevo cocida',126,69.1,6.2,1,0,23.2,0,0,0.5,34,28,1,0,0,0,0,0,0,0,0.04,0.01,0.8,0,0),
('pasta con espinacas',365,9.6,14.8,1.8,0,72.8,0,0,1,44,116,3.5,0,0,0,0,0,0,0,0.5,0.2,3.8,0,0),
('pasta con espinacas cocida',108,66.3,5.3,0.8,0,27.1,0,0,0.5,31,50,1.3,0,0,0,0,0,0,0,0.11,0.05,0.9,0,0),
('pasta semola de trigo durum',337,13.8,12.2,1.7,68.3,71.4,3.1,0,0.9,22,191,1.6,12,1.8,0,4,191,0,0,0.19,0.15,1.7,0,0),
('pasta semola granular de trigo panadero',337,13.7,11.5,0.9,70.8,73.5,2.7,0,0.4,18,87,0.6,8,1.7,0,5,89,0,0,0.05,0.08,1.1,0,0),
('trigo afrecho de. dark north spring (dns)',170,13.2,16.3,4.5,16.1,59.9,43.8,42,6.1,85,1510,12.9,677,9.7,0.8,7,856,0,0,0.8,0.38,28.8,0,0),
('trigo afrecho de. hard amber durum (had)',172,10.4,13.3,5.2,17.9,65.6,47.7,44.9,5.5,86,1261,11.9,522,7.5,0.5,9,867,0,0,0.45,0.41,15.7,0,0),
('trigo afrecho de, soft red wheath (srw)',193,9.9,14.2,4.4,24.1,66.6,42.5,42.1,4.9,82,1186,13.2,536,7.3,0.6,9,833,0,0,0.68,0.39,10.5,0,0),
('trigo, arepa andina de (2)',303,25,10.9,2.6,0,59.7,0,0,1.8,30,117,2.2,0,0,0,0,0,0,0,0.16,0.03,1.9,0,0),
('trigo entero variedad de,(2) (dns) ',313,10,13.3,2.2,59.9,72.9,13,11.4,1.6,33,325,4.3,111,2.8,0,5,323,0,0,0.46,0.18,6.1,0,0),
('trigo entero, variedad (had)',316,10.9,12.9,2.8,59.7,71.6,11.9,10.2,1.8,31,362,3.6,113,3.1,0,5,349,0,0,0.43,0.16,9.5,0,0),
('trigo entero variedad de, (srw)',313,11.7,10.4,2.1,63.2,74.3,11.1,9.5,1.5,35,291,3.7,104,2.2,0,3,296,0,0,0.35,0.2,2.3,0,0),
('germen tostado de trigo',381,3.3,30.5,11.7,38.5,50.1,11.6,0,4.4,122,1098,12.3,20,1,0,5,125,0,0,0.17,0.14,1.4,0,0),
('harina panadera de, variedad(dns)',347,11.4,13.5,1.2,70.5,73.3,2.8,0.9,0.6,19,131,1.8,20,1,0,5,125,0,0,0.32,0.34,3.4,0,0),
('harina panadera enriquecida de trigo',347,11.4,13.5,1.2,70.5,73.3,2.8,0.9,0.6,19,131,3.8,70,0.3,0,4,318,0,0,0.45,0.08,3.8,0,0),
('harina de trigo, variedad (had)',339,12.6,14,2.8,64.5,68.8,4.3,2.7,1.8,26,395,2.1,21,0.7,0,6,150,0,0,0.19,0.14,0.8,0,0),
('harina galletera de trigo, variedad (srw)',349,10.5,9.3,1.2,75.3,78.4,3.1,1.4,0.6,22,121,1.6,0,0,0,0,0,0,0,0,0,0,0,0),
('salvado de trigo (cereal)',347,3.5,14.5,2.8,0,72.6,0,0,6.6,0,0,0,0,0,0,0,0,0,0,0,0,0,0,0),
('gallina, carne de',240,62.1,18.5,18.4,0,0,0,0,1,18,200,1.7,0,0,0,0,0,0,0,0.06,0.14,8,0,0),
('paloma, carne de',273,57.8,18.6,22.1,0,0,0,0,1.5,17,411,1.8,34,1.7,0.33,110,410,0,0,0.1,0.24,5.6,0,0),
('pato, carne de',321,54.4,16,28.6,0,0,0,0,1,15,188,1.8,20,2.6,0.31,96,270,0,0,0.1,0.24,5.6,0,0),
('pavo, carne de',261,58.4,20,20.1,0,0,0,0,1,24,320,3.8,23,1.7,0.13,54,300,0,0,0.09,0.14,8,0,0),
('pavo, pechuga de, estandar (charcuteria)',76,78.1,15.2,0.7,2.2,2.2,0,0,3.8,0,0,0,0,0,0,0,0,0,0,0,0,0,0,0),
('pavo, pechuga de, superior (charcuteria)',103,72.8,22.6,1.3,0.1,0.1,0,0,3.2,0,0,0,0,0,0,0,0,0,0,0,0,0,0,0),
('pollo, alas de, con piel',217,66.2,18.3,16,0,0,0,0,0.7,12,132,1,18,1.3,0.04,73,156,44,0,0.05,0.08,5.9,0.35,0),
('pollo, alas de, sin piel',120,75,22,3.5,0,0,0,0,0.8,13,155,0.8,22,1.6,0.04,81,194,18,0,0.06,0.1,7.4,0.5,1),
('pollo, bologna de',254,55.8,13.2,18.3,9.1,9.1,0,0,3.6,0,0,0,0,0,0,0,0,0,0,0,0,0,0,0),
('pollo, carne de',183,97.1,20.2,11.4,0,0,0,0,1.3,14,200,1.5,25,1.1,0.19,81,320,0,0,0.08,0.16,8.5,0,0),
('pollo, carne de, enlatada',168,65.2,9.6,8.2,14,14,0,0,3,178,260,2.7,0,0,0,0,0,0,0,0.02,0,1.8,0.01,0),
('pollo, guisado enlatado',141,70.9,10.3,6.3,0,10.7,0,0,1.8,33,118,1.4,0,0,0,0,0,0,0,0.7,0,1.8,0,0),
('pollo, higado de',157,68.3,17.9,7.3,5,5,0,0,1.5,26,305,5.7,20,7.8,0.4,74,330,4800,0,0.49,2.3,10.1,0.76,0),
('pollo, jamon de, estandar',95,77.7,12.4,3.8,2.7,2.7,0,0,3.4,0,0,0,0,0,0,0,0,0,0,0,0,0,0,0),
('pollo, jamon de, superior',118,74.8,16.2,5.2,1.5,1.5,0,0,2.3,0,0,0,0,0,0,0,0,0,0,0,0,0,0,0),
('pollo, molleja de',94,77.1,18.1,1.2,2.7,2.7,0,0,0.9,18,150,4.5,0,0,0,0,0,0,0,0.04,0.32,6.8,0,0),
('pollo, muslo de, con piel',182,69.9,18.2,12.1,0,0,0,0,0.9,10,149,1,21,1.7,0.06,79,189,36,0,0.07,0.16,5.4,0.3,3),
('pollo, muslo de, sin piel',115,76.1,20.1,3.8,0,0,0,0,0.9,11,167,1,23,2.1,0.06,86,229,18,0,0.08,0.19,6.1,0.33,3),
('pollo, pasta de',208,63,13.4,14,7.1,7.1,0,0,2.5,25,134,1.7,0,0,0,0,0,0,0,0.02,0.16,3.1,0.05,0),
('pollo, pechuga de, cocida',143,66.4,28.6,3.2,0,0,0,0,0.8,30,184,1.4,0,0,0,0,0,0,0,0.05,0.18,9.6,0,0),
('pollo, pechuga de, estandar (charcuteria)',71,79.7,14,0.8,0.2,0.2,0,0,3.5,0,0,0,0,0,0,0,0,0,0,0,0,0,0,0),
('pollo, pechuga de, superior (charcuteria)',92,75.2,19.9,0.8,1.4,1.4,0,0,2.7,0,0,0,0,0,0,0,0,0,0,0,0,0,0,0),
('pollo, pechuga de, con piel',167,69.5,20.9,9.3,0,0,0,0,1,11,174,0.7,25,0.8,0.04,63,220,24,0,0.06,0.09,9.9,0.53,1),
('pollo, pechuga de, sin piel',103,74.7,23.1,1.2,0,0,0,0,1,11,196,0.7,28,0.8,0.04,65,255,6,0,0.07,0.09,11.2,0.55,1),
('pollo, pierna de, con piel',156,72.5,19.3,8.7,0,0,0,0,0.9,11,154,1,21,2,0.06,83,206,28,0,0.07,0.18,5.4,0.3,3),
('pollo, pierna de, sin piel',113,76.4,20.6,3.4,0,0,0,0,0.9,11,166,1,23,2.2,0.06,88,226,17,0,0.08,0.2,5.7,0.34,3),
('pollo, salchicha de, enlatada',185,68.3,9.9,13.3,6.3,6.3,0,0,2.2,305,269,4,0,0,0,0,0,0,0,0.02,0,0.8,0.01,0),
('carne de cerdo, jamonizada enlatada',129,72,11.1,5.7,8.3,8.3,0,0,2.9,0,0,0,0,0,0,0,0,0,0,0.14,0,2,0.04,0),
('costilla de cerdo',295,57.7,16.5,25.4,0,0,0,0,0.8,9,132,1,26,2.9,0.13,60,380,0,0,0.63,0.14,3.9,0,0),
('chuleta de cerdo',250,62,18.3,19.6,0,0,0,0,0.9,14,144,1.4,0,0,0,0,0,0,0,0.81,0.14,5.1,0,0),
('chuleta de cerdo, magra (sin grasa visible)',111,74.2,22.9,2.2,0,0,0,0,1.1,0,0,0,0,0,0,0,0,0,0,0,0,0,0,0),
('chuleta de cerdo, ahumada',201,62.8,25.2,11.1,0,0,0,0,3.1,0,0,0,0,0,0,0,0,0,0,0,0,0,0,0),
('lomo de cerdo',192,60,19.5,12.7,0,0,0,0,1,13,170,0.9,0,0,0,0,0,0,0,0.81,0.14,5.5,0,0),
('lomo de cerdo, magro (sin grasa visible)',121,72.1,24.4,2.6,0,0,0,0,1.1,0,0,0,0,0,0,0,0,0,0,0,0,0,0,0),
('paleta de cerdo',219,64.8,18,16.3,0,0,0,0,0.9,8,150,1,0,0,0,0,0,0,0,0.72,0.15,3.9,0,0),
('paleta de cerdo, magra (sin grasa visible)',102,76.7,21.1,2,0,0,0,0,1.1,0,0,0,0,0,0,0,0,0,0,0,0,0,0,0),
('pernil de cerdo',158,70.9,19.2,9,0,0,0,0,1,14,170,1,0,0,0,0,0,0,0,0.91,0.13,4.8,0,0),
('pernil de cerdo, magro (sin grasa visible)',120,74.5,21.4,3.8,0,0,0,0,1,0,0,0,0,0,0,0,0,0,0,0,0,0,0,0),
('chicharron de cerdo (10)',646,4.7,20.9,62.5,0,0,0,0,3.4,53,165,5.3,0,0,0,0,0,0,0,0.12,0.22,5.7,0,0),
('higado de cerdo',134,71,20,4.7,3,3,0,0,1.3,11,86,11.6,22,0,2.5,130,250,3900,0,0.32,2.78,14.9,0.64,13),
('jamon ahumado de cerdo, semi gordo, con hueso',360,44.4,17.7,31.8,0.7,0.7,0,0,5.4,10,184,2.6,0,0,0,0,0,0,0,0.76,0.2,4.1,0,0),
('jamon cocido de cerdo, estandar',94,77.2,13.2,3.9,1.6,1.6,0,0,4.1,0,0,0,0,0,0,0,0,0,0,0,0,0,0,0),
('jamon cocido de cerdo, superior',106,75.7,16.6,4.4,0,0,0,0,3.6,0,0,0,0,0,0,0,0,0,0,0,0,0,0,0),
('jamon endiablado, enlatado',301,55.1,12.9,26.7,2.3,2.3,0,0,3,12,145,1.8,23,2,0.41,1547,528,0,0,0.19,0.15,3.1,0.03,0),
('jamon de espalda',116,75.1,13.1,6.1,2.1,2.1,0,0,3.6,0,0,0,0,0,0,0,0,0,0,0,0,0,0,0),
('jamon serrano, sin  hueso y sin grasa acompanante',175,53.2,35.4,3.4,0.6,0.6,0,0,7.4,0,0,0,0,0,0,0,0,0,0,0,0,0,0,0),
('pasta endiablada enlatada',288,55.9,13.5,24.3,3.7,3.7,0,0,2.6,0,0,1.8,22,1.32,0.11,1407,496,0,0,0.19,0.15,3.1,0.04,0),
('salchicha de cerdo enlatada',119,77.2,6.5,7,7.4,7.4,0,0,1.9,70,93,2.3,0,0,0,0,0,0,0,0.02,0.11,0.8,0,0),
('salchicha de cerdo y res, sin piel, enlatada',202,67.8,7.6,16,7,7,0,0,1.6,18,90,1.3,0,0,0,0,0,0,0,0,0,0.5,0,0),
('tocineta cruda',628,20,9.1,65,1.6,1.6,0,0,4.3,13,108,0.8,0,0,0,0,0,0,0,0.38,0.12,1.9,0,0),
('tocineta frita',599,13,25,55,1,1,0,0,6,25,255,3.3,0,0,0,0,0,0,0,0.48,0.31,4.8,0,0),
('conejo, carne de',151,70.8,20.3,7.7,0,0,0,0,1.2,18,257,2,0,0,0,0,0,0,0,0.06,0.12,11,0,0),
('cordero',247,61.4,18.2,19.4,0,0,0,0,1,7,190,2.5,0,0,0,0,0,0,0,0.07,0.15,2,0,0),
('carne de chiguire',80,77.9,18.4,0.7,0,0,0,0,1.8,19,210,2.9,0,0,0,0,0,0,0,0.11,0.36,8.7,0,0),
('carne seca de chiguire',153,43.5,33.9,0.6,2.9,2.9,0,0,19.1,114,208,6.9,0,0,0,0,0,0,0,0.02,0.12,9.6,0,0),
('c hivo, carne de',159,71,18.7,9.4,0,0,0,0,0.9,11,0,2.2,0,0,0,0,0,0,0,0.17,0.32,5.6,0,0),
('iguana, carne de',106,72.9,24.4,0.9,0,0,0,0,1.8,25,252,3.4,0,0,0,0,0,210,0,0.05,0.24,8.2,0,0),
('ternera, carne de',122,74.4,19.3,5,0,0,0,0,1,11,200,3,0,0,0,0,0,0,0,0.15,0.27,6,0,0),
('venado, carne de (semi seca salada)',134,61.1,31.4,0.9,0,0,0,0,6.6,60,298,1.9,0,0,0,0,0,0,0,0.09,0.34,10,0,0),
('tipo bologna',207,63.9,15.6,15.1,2.2,2.2,0,0,3.2,9,356,2.2,0,0,0,0,0,0,0,0.18,0.19,2.7,0,0),
('tipo chorizo',273,56,15.8,22.8,1.1,1.1,0,0,4.3,41,130,4.1,0,0,0,0,0,0,0,0.21,0.16,3,0,0),
('tipo chorizo carupanero',370,45.9,16.6,33.5,0.4,0.4,0,0,3.6,0,0,0,0,0,0,0,0,0,0,0,0,0,0,0),
('tipo chorizo cocido',367,41.9,19.5,30.6,3.4,3.4,0,0,4.6,0,0,0,19,5.1,0.22,1350,210,0,0,0,0,0,0,0),
('tipo chorizo espanol',379,46.2,25.7,21.9,1.2,1.2,0,0,5,0,0,0,0,0,0,0,0,0,0,0,0,0,0,0),
('tipo chorizo hungaro',305,48.5,19.5,23.7,3.4,3.4,0,0,4.9,0,0,0,0,0,0,0,0,0,0,0,0,0,0,0),
('tipo frankfurter, cocido',244,62,14,20,2,2,0,0,2,6,49,1.2,0,0,0,0,0,0,0,0.16,0.18,2.5,0,0),
('tipo morcilla alemana (23)',292,53.4,18.6,22.7,3.2,3.2,0,0,2.1,40,506,14.9,0,0,0,0,0,0,0,0.12,0,1.5,0,0),
('tipo morcilla con arroz y cebolla (23)',280,55.3,9.8,22.2,10.2,10.2,0,0,2.5,19,121,19.4,0,0,0,0,0,0,0,0.03,0,0.6,0,0),
('tipo morcilla condimentada (23)',197,61.9,15,12.6,6,6,0,0,4.5,27,56,53,0,0,0,0,0,0,0,0.02,0,0.5,0,0),
('tipo mortadela economica',324,50.3,13,27.2,6.7,6.7,0,0,2.8,0,0,0,0,0,0,0,0,0,0,0,0,0,0,0),
('tipo mortadela especial',237,58.4,15.6,16.9,5.7,5.7,0,0,3.4,0,0,0,0,0,0,0,0,0,0,0,0,0,0,0),
('tipo mortadela extra',312,52.5,12.8,27.1,4.1,4.1,0,0,3.5,0,0,0,0,0,0,0,0,0,0,0,0,0,0,0),
('tipo pasta de higado (liverwurst)',268,57,16.8,21.6,1.7,1.7,0,0,2.9,9,670,5.4,12,2.3,0.63,860,170,2800,0,0.17,1.12,4.6,0.14,0),
('tipo salchicha de cerdo',448,41.9,10.8,44.8,0.4,0.4,0,0,2.1,6,100,1.6,0,0,0,0,0,0,0,0.43,0.17,2.3,0,0),
('tipo salchicha (pero caliente)',206,64.1,13.8,15.5,2.2,2.2,0,0,4.4,0,0,0,0,0,0,0,0,0,0,0,0,0,0,0),
('tipo salchicha (viena)',211,64.2,15.8,16.4,0,0,0,0,3.6,9,170,2.4,9,1.7,0.24,980,98,0,0,0.1,1.12,3.1,0,0),
('tipo salchichon',460,27,27.3,38.2,1.8,1.8,0,0,5.7,37,590,13.3,0,0,0,0,0,0,0,0.72,0.06,6.8,0,0),
('carne molida (res)',201,65.6,18.2,14.2,0,0,0,0,0.9,15,148,3.1,0,0,0,0,0,0,0,0,0,0,0,0),
('chocozuela (res)',100,72.6,22.3,1.2,0,0,0,0,1.1,8,188,2.6,0,0,0,0,0,0,0,0.1,0.18,4.9,0,0),
('falda (res)',91,77.1,20.6,0.9,0,0,0,0,1.1,7,176,2.5,0,0,0,0,0,0,0,0.05,0.16,4.6,0,0),
('ganso (res)',91,75.8,21.3,0.6,0,0,0,0,1.1,23,194,4.2,0,0,0,0,0,0,0,0.12,0.08,5.9,0,0),
('lagarto (res)',84,78.2,20.5,0.2,0,0,0,0,1.1,35,41,2.5,0,0,0,0,0,0,0,0.14,0.17,2.6,0,0),
('lomito (res)',91,74.8,18.7,1.8,0,0,0,0,1.1,25,185,2.9,0,0,0,0,0,0,0,0.13,0.13,4.6,0,0),
('muchacho redondo (res)',98,75.5,21.8,1.2,0,0,0,0,1.2,7,198,1.7,0,0,0,0,0,0,0,0.05,0.16,4.4,0,0),
('papelon (res)',89,77.2,19.8,1.1,0,0,0,0,1.1,7,173,2.2,0,0,0,0,0,0,0,0.05,0.17,3.9,0,0),
('pollo (res)',89,77.8,21,0.6,0,0,0,0,1.1,8,177,1.8,0,0,0,0,0,0,0,0.04,0.12,4.2,0,0),
('pulpa negra (res)',104,75.4,21.6,1.9,0,0,0,0,1.1,9,377,3.4,0,0,0,0,0,0,0,0.12,0.19,5.3,0,0),
('punta trasera (res)',111,73.8,21.7,2.7,0,0,0,0,1.3,9,216,3.4,0,0,0,0,0,0,0,0.13,0.21,4.2,0,0),
('solomo (res)',98,75.1,23.2,0.6,0,0,0,0,1.1,29,107,5.4,0,0,0,0,0,0,0,0.09,0.13,7.8,0,0),
('carne de almuerzo enlatada',220,59.8,11.5,14.8,10.2,10.2,0,0,3.7,0,191,2.6,13,1.5,0.28,1471,403,0,0,0.05,0,0,0.06,0),
('carne de almuerzo, de res y cerdo enlatada',188,62.9,10.6,10.5,12.7,12.7,0,0,3.3,0,192,2.8,15,1.3,0.14,1287,444,0,0,0.04,0,1.3,0.06,0),
('carne de buey enlatada',158,67.3,11,7.6,11.5,11.5,0,0,2.6,73,211,2.2,0,0,0,0,0,0,0,0.01,0,1.7,0.03,0),
('carne mechada enlatada',162,68.4,13.2,9.1,6.9,6.9,0,0,2.4,0,157,2.5,14,1.5,0.16,1784,768,0,0,0.02,0,1.9,0.02,0),
('carne mechada con soya enlatada',158,70.2,13.4,9.5,4.7,4.7,0,0,2.2,0,138,3.4,15,1.5,0.15,1587,393,0,0,0,0,2,0.03,0),
('carne mechada, tipo argentino enlatada (corned beef)',137,69,14.6,7.2,5.8,5.8,0,0,3.4,19,247,3.1,0,0,0,0,0,0,0,0.02,0,2.1,0,0),
('salchicha, (res) tipo frankfurter enlatada',230,64.8,9.3,19.4,4.6,4.6,0,0,1.9,18,101,2.3,0,0,0,0,0,0,0,0,0,0.7,0,0),
('corazon (visceras)',113,76.8,16.8,4.9,0.5,0.5,0,0,1,7,204,4,23,2.4,0.4,63,266,0,0,0.45,0.95,6.6,0.43,0),
('higado (visceras)',128,71.8,19.3,3.8,4.1,4.1,0,0,1,8,331,7.2,20,5,4,93,330,10500,0,0.27,2.7,10.3,0.52,31),
('lengua (visceras)',193,66.4,18.4,12.3,2.1,2.1,0,0,0.8,10,182,2.7,14,2.3,0.29,58,293,0,0,0.1,0.32,4.1,0.36,0),
('panza (visceras)',104,78,15,3.8,2.4,2.4,0,0,0.8,23,85,1.3,0,0,0,0,0,0,0,0.02,0.09,0.2,0,0),
('rinon (visceras)',129,75.3,15,7.3,0.9,0.9,0,0,1.5,10,230,7.2,17,1.8,0.47,179,257,280,0,0.34,2.55,6.1,0.51,12),
('sesos (visceras)',129,78.4,10.4,9.6,0.2,0.2,0,0,1.4,11,253,3,13,1.2,0.2,103,321,0,0,0.22,0.22,3.3,0.26,14),
('ubre (visceras)',195,64.9,15.4,11.7,7,7,0,0,1,70,160,2.3,0,0,0,0,0,0,0,0.08,0.18,1.3,0,0),
('anchova (pescado)',134,72.9,21,5.5,0,0,0,0,1.2,16,264,0.9,0,0,0,0,0,0,0,0,0,0,0,0),
('anchova frita (pescado)',192,62.4,25,10.2,0,0,0,0,1.4,22,291,0.9,0,0,0,0,0,0,0,0,0,0,0,0),
('anchova sancochada (pescado)',171,66.9,23.4,8.6,0,0,0,0,1.1,17,258,0.9,0,0,0,0,0,0,0,0,0,0,0,0),
('arenque aumado (pescado)',293,38.6,24.3,21.8,0,0,0,0,15,209,270,2.9,0,0,0,0,0,0,0,0.07,0.09,3.5,0,0),
('atun',111,71.9,26.1,0.7,0,0,0,0,1.3,40,295,1.1,0,0.52,0.06,37,0,18,0,0.12,0.2,5.1,0.4,0),
('atun natural enlatado, escurrido',96,73.2,23.2,0.4,0,0,0,0,1.2,17,148,1.7,27,0.7,0.05,320,230,0,0,0,0,10.7,0.47,0),
('atun en aceite enlatado, escurrido',167,64.2,29,5.7,0,0,0,0,1.1,7,230,1.1,33,1.1,0.2,290,260,0,0,0.13,0.1,11.3,0.51,0),
('bacalao (pescado)',73,81,17.5,0.3,0,0,0,0,1.2,10,194,0.4,23,0.4,0,77,320,12,0,0.06,0.07,2.2,0.25,2),
('bacalao seco salado (pescado)',341,11.3,78.9,2.8,0,0,0,0,7,50,891,3.6,107,1.6,0.17,400,31,0,0,0.08,0.45,10.9,0.86,0),
('bonito (pescado)',134,69.9,24.4,4,0,0,0,0,1.1,22,240,3.8,0,0,0,0,0,0,0,0,0,0,0,0),
('bonito frito (pescado)',224,56.5,31.8,10.8,0,0,0,0,1.5,27,308,4.1,0,0,0,0,0,0,0,0,0,0,0,0),
('bonito sancochado (pescado)',163,65.6,29,5.2,0,0,0,0,1.1,21,216,3.2,0,0,0,0,0,0,0,0,0,0,0,0),
('buco o curito cocido  (pescado)',141,70.4,24.1,4.9,0,0,0,0,0.6,82,95,1.3,0,0,0,0,0,0,0,0.01,0.09,2.2,0,0),
('caballa  (pescado)',159,69.7,21.3,8.2,0,0,0,0,1.1,31,252,2.1,0,0,0,0,0,0,0,0.24,0.33,14.4,0,0),
('cachama  (pescado)',82,78.8,18.7,0.8,0,0,0,0,0.9,52,161,1.4,0,0,0,0,0,0,0,0,0,2.8,0.05,0),
('cachicato  (pescado)',90,76.7,21.2,0.6,0,0,0,0,1.5,65,285,1.3,0,0,0,0,0,0,0,0.08,0.06,8.6,0,0),
('carite  (pescado)',90,76.9,21.1,0.6,0,0,0,0,1.4,57,248,1,0,0,0,0,0,0,0,0.11,0.18,7,0,0),
('carpa  (pescado)',92,80,16,3.1,0,0,0,0,0.9,40,165,1.9,0,0,0,0,0,30,0,0.04,0.05,1.9,0,1),
('cazon  (pescado)',103,73.1,25.4,0.2,0,0,0,0,1.3,57,256,0.8,0,0,0,0,0,0,0,0.06,0.06,5.2,0,0),
('coporo  (pescado)',126,70.6,25.1,2.8,0,0,0,0,1.5,173,266,1.5,0,0,0,0,0,0,0,0.11,0.11,6.3,0,0),
('corocoro  (pescado)',93,77.1,19.7,1.6,0,0,0,0,1.4,41,187,1.1,0,0,0,0,0,0,0,0,0,0,0,0),
('orocoro frito (pescado)',163,66.1,25.1,7,0,0,0,0,1.6,35,197,1.8,0,0,0,0,0,0,0,0,0,0,0,0),
('corocoro sancochado (pescado)',110,73.4,23.1,1.9,0,0,0,0,1.2,39,166,0.9,0,0,0,0,0,0,0,0,0,0,0,0),
('corvina (pescado)',94,76.6,20.8,1.2,0,0,0,0,1.3,38,198,1.1,0,0,0,0,0,50,0,0.04,0.14,3.1,0,1),
('chicharro (pescado)',102,14.9,21.3,1.9,0,0,0,0,1.2,43,203,1.1,0,0,0,0,0,0,0,0,0,0,0,0),
('chicharro frito (pescado)',249,52.1,33,13,0,0,0,0,2,79,301,1.4,0,0,0,0,0,0,0,0,0,0,0,0),
('chicharro sancochado (pescado)',116,71.4,25.4,1.6,0,0,0,0,1.1,48,190,1.1,0,0,0,0,0,0,0,0,0,0,0,0),
('jurel (pescado)',112,74.2,22,2.7,0,0,0,0,1.1,22,217,2,0,0,0,0,0,0,0,0,0,0,0,0),
('jurel frito (pescado)',205,57.8,33.1,8.1,0,0,0,0,1.6,37,280,2.1,0,0,0,0,0,0,0,0,0,0,0,0),
('jurel sancochado (pescado)',133,68.8,28.7,2,0,0,0,0,1.2,31,251,4,0,0,0,0,0,0,0,0,0,0,0,0),
('lamparosa (pescado)',97,76.9,20.2,1.8,0,0,0,0,1.3,40,215,0.8,0,0,0,0,0,0,0,0,0,0,0,0),
('lamparosa frita (pescado)',218,56.3,29.6,11.1,0,0,0,0,2.2,43,355,1.6,0,0,0,0,0,0,0,0,0,0,0,0),
('lamparosa sancochada (pescado)',104,75.5,22.7,1.5,0,0,0,0,1.4,28,200,0.8,0,0,0,0,0,0,0,0,0,0,0,0),
('lebranche (pescado)',142,71.7,19.3,7.2,0,0,0,0,1.1,20,119,0.9,0,0,0,0,0,0,0,0,0,0,0,0),
('lebranche frito (pescado)',188,63,25.5,9.6,0,0,0,0,1.4,28,189,1.4,0,0,0,0,0,0,0,0,0,0,0,0),
('lebranche sancochado (pescado)',138,70.6,20.2,6.4,0,0,0,0,1,22,137,1.2,0,0,0,0,0,0,0,0,0,0,0,0),
('lenguado (pescado)',85,77.7,20.3,0.4,0,0,0,0,1.4,49,303,0.7,0,0,0,0,0,0,0,0.07,0.05,5,0,0),
('loro (pescado)',81,79.3,18.9,0.6,0,0,0,0,1.4,90,113,1.2,0,0,0,0,0,0,0,0.05,0.07,1.5,0,0),
('merluza (pescado)',91,77.1,20.5,1,0,0,0,0,1.4,31,318,1.1,0,0,0,0,0,0,0,0.05,0.1,6,0,0),
('mero (pescado)',89,78.1,19.4,1.3,0,0,0,0,1.2,46,209,1.6,0,0,0,0,0,0,0,0.13,0.05,3.1,0,0),
('mojarra (pescado)',85,78.2,18.6,1.2,0,0,0,0,1.5,112,312,1,0,0,0,0,0,0,0,0.09,0.09,4.5,0,0),
('pampano (pescado)',92,77.4,19.6,1.4,0,0,0,0,1.3,36,191,1.6,0,0,0,0,0,0,0,0.16,0.17,5,0,0),
('pargo (pescado)',77,80.1,18.2,0.5,0,0,0,0,1.2,49,213,1,0,0,0,0,0,0,0,0.05,0.04,2.8,0,0),
('perla de mar (pescado)',74,80.9,17.7,0.3,0,0,0,0,1.1,66,145,0.9,0,0,0,0,0,0,0,0.18,0.04,1.4,0,0),
('picua (pescado)',94,76.6,20.9,1.2,0,0,0,0,1.3,70,365,1.3,0,0,0,0,0,0,0,0.13,0.08,5.1,0,0),
('rayado (pescado)',84,78.5,19.2,0.8,0,0,0,0,1.2,48,180,0.9,0,0,0,0,0,0,0,0,0,0,0,0),
('rayado sancochado (pescado)',106,73.1,24.8,0.7,0,0,0,0,1.2,37,179,0.6,0,0,0,0,0,0,0,0,0,0,0,0),
('robalo (pescado)',102,76.5,21.1,1.9,0,0,0,0,1.2,23,202,0.4,0,0,0,0,0,0,0,0,0,0,0,0),
('robalo frito (pescado)',156,65.1,28.7,4.6,0,0,0,0,1.6,29,260,0.4,0,0,0,0,0,0,0,0,0,0,0,0),
('robalo sancochado (pescado)',107,74.5,23.2,1.6,0,0,0,0,1.1,23,185,0.4,0,0,0,0,0,0,0,0,0,0,0,0),
('roncador (pescado)',82,78.4,19.3,0.5,0,0,0,0,1.8,292,318,1.6,0,0,0,0,0,0,0,0.12,0.07,4.2,0,0),
('salmon enlatado (pescado)',145,70.7,19.7,7.3,0,0,0,0,2.3,215,305,0.9,30,0.9,0.09,570,300,28,0,0.05,0.18,7.5,0.48,0),
('sardinas',145,71.7,20.6,7,0,0,0,0,1.3,127,303,2.4,0,0,0,0,0,0,0,0.01,0.35,9.7,0,0),
('sardinas enlatadas (parte solida)',183,61.7,24.9,9.3,0,0,0,0,4.1,398,478,3.6,52,3,0.19,650,430,0,0,0.05,0.34,8.3,0.3,0),
('sierra (pescado)',119,73.3,23,3,0,0,0,0,1.2,17,251,0.6,0,0,0,0,0,0,0,0,0,0,0,0),
('sierra frita (pescado)',189,61.1,30,7.7,0,0,0,0,1.5,19,336,1.1,0,0,0,0,0,0,0,0,0,0,0,0),
('sierra sancochada (pescado)',131,70,25.3,3.3,0,0,0,0,1.3,17,246,0.7,0,0,0,0,0,0,0,0,0,0,0,0),
('tajali (pescado)',98,75.9,19.3,2.3,0,0,0,0,1.2,19,206,0.3,0,0,0,0,0,0,0,0,0,0,0,0),
('tajali frito (pescado)',212,58,29,10.7,0,0,0,0,1.5,26,253,0.4,0,0,0,0,0,0,0,0,0,0,0,0),
('tajali sancochado (pescado)',11,73.3,22.9,2.2,0,0,0,0,1.1,21,126,0.3,0,0,0,0,0,0,0,0,0,0,0,0),
('trucha arcoiris',103,76.3,19.5,2.7,0,0,0,0,1.3,11,245,0.4,26,0.5,1,62,413,32,0,0.08,0.07,3.4,0,0),
('trucha de mar',74,80.7,17.9,0.3,0,0,0,0,1.1,140,183,1,0,0,0,0,0,0,0,0.04,0.05,1.5,0,0),
('almejas',73,80.7,12.6,1.6,2,2,0,0,2.1,38,168,5.8,0,0,0,0,0,0,0,0.1,0.18,1.3,0,0),
('calamares',80,79.9,16.8,1.4,0,0,0,0,1,18,162,0.6,33,1.5,1.9,44,246,0,0,0.05,0.05,2.3,0.06,0),
('camarones',91,77.8,19.7,1.3,0,0,0,0,1.2,93,209,1.6,49,2.4,0.23,930,100,0,0,0.02,0.1,1.8,0.1,0),
('cangrejos enlatados',97,77.2,17.4,2.5,1.1,1.1,0,0,1.8,45,182,0.8,0,0,0,0,0,0,0,0.08,0.08,1.9,0,0),
('chipi-chipi cocidos',81,78.2,17.4,0.8,1,1,0,0,2.6,248,109,61.2,0,0,0,0,0,0,0,0.01,0.05,0.1,0,0),
('guacuco',121,73.3,18.3,4.6,1.7,1.7,0,0,2.1,290,476,50.1,0,0,0,0,0,0,0,0.01,0.15,0.7,0,0),
('langosta',84,79.2,16.2,1.9,0.5,0.5,0,0,2.2,40,184,0.5,0,0,0,0,0,0,0,0.13,0.06,1.9,0,0),
('langostinos',89,77.2,20.3,0.9,0,0,0,0,1.6,75,278,2.2,0,0,0,0,0,0,0,0.06,0.07,3.9,0,0),
('mejillones enlatados',104,76.1,17.2,3.3,1.3,1.3,0,0,2.1,102,227,10,0,0,0,0,0,0,0,0.01,0.41,1.1,0,0),
('ostras',42,88.9,5.8,0.5,3.5,3.5,0,0,1.3,133,76,6.8,0,0,0,0,0,0,0,0.04,0.38,7.1,0,0),
('pepitonas enlatadas',88,77.8,16.8,1.2,2.4,2.4,0,0,1.8,115,186,7.6,0,0,0,0,0,0,0,0,0.27,0.7,0,0),
('pulpo',64,83.2,14.2,0.6,0.4,0.4,0,0,1.6,37,144,2.7,0,1.7,0.43,0,0,0,0,0.02,0.04,1.9,0,0),
('codorniz, gallina, huevo de',179,70.6,11.6,13.1,3.6,3.6,0,0,1.1,74,202,3,0,0,0,0,0,70,0,0.13,0.45,0.1,0,0),
('gallina, huevo entero',156,74.1,12.4,11.1,1.5,1.5,0,0,0.9,55,200,2.8,12,1.4,0,144,147,240,0,0.11,0.3,0.1,0.08,0),
('gallina, clara de huevo',46,87.8,10.8,0.2,0.6,0.6,0,0,0.6,7,16,0.2,12,0,0.13,170,154,0,0,0,0.26,0.1,0.01,0),
('gallina, yema de huevo',354,49.6,16.1,31.6,1.2,1.2,0,0,1.5,145,550,6.8,16,3.8,0.4,51,138,768,0,0.26,0.4,0,0.3,0),
('gallina, huevo en polvo',576,5,46.8,42,2.6,2.6,0,0,3.6,190,767,8.8,0,0,0,0,0,888,0,0.34,1.06,0.02,0,0),
('iguana, huevo de',166,69.5,16.2,10.4,2,2,0,0,1.9,389,404,1.9,0,0,0,0,0,336,0,0.15,0.35,0.2,0,0),
('lisa, huevo de',367,26.6,39.9,19,9,9,0,0,5.5,51,488,5,0,0,0,0,0,0,0,0,0.56,2.4,0,0),
('tortuga, huevo de',111,79.2,12.6,6.3,0.9,0.9,0,0,1,62,180,1.6,0,0,0,0,0,52,0,0.28,0.31,0.1,0,0),
('leche de burra',44,90.2,1.7,1.2,6.5,6.5,0,0,0.4,126,57,0.2,0,0,0,0,0,16,0,0.02,0.09,0.01,0,1),
('leche de cabra',75,86.3,4,4.8,4,4,0,0,0.9,145,110,0.4,13,0.5,0.03,42,170,38,0,0.05,0.2,0.3,0,1),
('leche humana',78,85.2,1.1,4,9.5,9.5,0,0,0.2,43,14,0.1,3,0.17,0.02,0,0,58,0,0.04,0.2,0.2,0,5),
('leche de soya',36,92.6,3.4,1.5,2.1,2.1,0,0,0.4,21,47,0.7,0,0,0,0,0,0,0,0.09,0.04,0.3,0,0),
('leche liquida completa',63,87.8,3.5,3.4,4.7,4.7,0,0,0.6,131,90,0.03,12,0.38,0.01,48,157,36,0,0.04,0.2,0.1,0.04,1),
('leche liquida descremada',43,89.8,3.6,0.9,5,5,0,0,0.7,121,95,0.06,14,0.4,0,53,150,0,0,0.04,0.19,0.1,0.05,0),
('leche en polvo completa, enriquecida',492,3.5,25.8,26.7,38,38,0,0,6,949,728,0.6,110,2.1,0.16,371,1160,960,0,0.3,1.46,0.7,0.2,0),
('leche en polvo descremada',356,3.2,35,1,51.8,51.8,0,0,9,1290,1030,0.8,110,4.1,0.29,557,1580,11,0,0.3,1.83,0.9,0.28,0),
('leche condensada',324,28.2,8,8.7,53.5,53.5,0,0,1.6,276,229,0.2,26,0.94,0,127,371,100,0,0.05,0.41,0.2,0.05,0),
('leche evaporada',138,73.7,6.8,7.9,9.8,9.8,0,0,1.8,214,195,0.2,24,0.77,0,106,303,96,0,0.06,0.36,0.2,0.05,0),
('crema de leche pasteurizada',382,54.5,2,40.3,2.9,2.9,0,0,0.3,77,62,0.03,0,0,0,0,0,0,0,0.04,0.06,0.4,0,0),
('cuajada',257,57.5,15.5,18.9,6.2,6.2,0,0,1.9,490,270,1.5,0,0,0,0,0,192,0,0.02,0.46,0.1,0,0),
('mantequilla',731,19.5,0.6,81,0,0,0,0,2.5,20,16,0,0,0,0,0,0,792,0,0,0.01,0.1,0,0),
('nata',326,54.8,2.5,32,7.1,7.1,0,0,3.6,105,77,0.4,0,0,0,0,0,199,0,0.04,0.23,0.4,0,0),
('suero criollo pasteurizado',63,87,3.1,3.3,5.3,5.3,0,0,1.3,51,53,0.1,0,0,0,0,0,0,0,0.04,0.15,0.1,0,0),
('queso amarillo fundido, tipo americano',376,39,22.4,31.2,1.3,1.3,0,0,6.1,684,810,0.08,0,0,0,0,0,293,0,0.02,0.26,0.4,0,0),
('queso amarillo fundidio para untar',277,52.1,12.7,21.9,7.2,7.2,0,0,6.1,394,790,2.1,0,0,0,0,0,0,0,0.02,0.02,0.1,0.02,0),
('queso amarillo holandes',398,36.1,26,32.1,1.3,1.3,0,0,4.5,770,513,0.08,0,0,0,0,0,384,0,0.03,0.48,0.1,0,0),
('queso azul danes',337,41.7,22.8,26.5,1.9,1.9,0,0,7.1,740,360,0.5,0,0,0,0,0,842,0,0.05,0.71,1.3,0,0),
('queso blanco duro de leche complet.',389,37.2,24.9,31.5,1.4,1.4,0,0,5,848,650,0.8,0,0,0,0,0,360,0,0.05,0.53,0.1,0,0),
('queso blanco duro de leche descrem.',224,45.2,38.2,5.7,4.9,4.9,0,0,6,1004,642,1.8,0,0,0,0,0,31,0,0.08,0.64,0.2,0,0),
('queso blanc duro de leche semidescre.',337,36,34,21,3,3,0,0,6,700,500,1,0,0,0,0,0,192,0,0.1,0.5,0.2,0,0),
('queso fundidio para untar',304,51.3,12.3,26.5,4.1,4.1,0,0,5.8,406,767,1.5,0,0,0,0,0,0,0,0,0,0.1,0,0),
('queso blanco suave',313,50.6,18.3,26.3,0.8,0.8,0,0,4,676,403,0.7,0,0,0,0,0,0,0,0,0.08,0,0,0),
('queso cheddar',398,37,25,32.2,2.1,2.1,0,0,3.7,750,478,1,0,0,0,0,0,314,0,0.03,0.46,0.1,0,0),
('queso de ano',402,34.1,24.3,32.8,2.4,2.4,0,0,6.4,665,473,1,0,0,0,0,0,360,0,0.04,0.64,0.1,0,0),
('queso de cabra',172,65.1,16,10.3,3.7,3.7,0,0,4.9,310,146,0.8,0,0,0,0,0,36,0,0.01,0.63,0.2,0,0),
('queso de crema (cream chesse)',377,51,9,37,2,2,0,0,1,68,97,0.2,10,0.54,0.04,300,160,348,0,0.01,0.22,0.1,0,0),
('queso de mano (29)',316,45.7,19.3,24.8,4,4,0,0,6.2,461,271,0.7,0,0,0,0,0,240,0,0.03,0.69,0,0,0),
('queso gouda',355,41.5,24.9,27.4,2.3,2.3,0,0,3.9,700,546,0.2,29,3.9,0.07,819,120,174,0,0.03,0.33,0.1,0.08,0),
('queso guayanes',284,54.5,18.8,23,0.4,0.4,0,0,3.3,332,263,0.5,0,0,0,0,0,0,0,0.02,0.14,0.1,0,0),
('queso gruyere',404,35.9,28.8,31.8,0.6,0.6,0,0,2.9,1100,822,1.1,0,0,0,0,0,135,0,0,0.5,0.4,0,0),
('queso mozzarela',230,60.1,19.9,16.1,1.3,1.3,0,0,2.6,263,428,0.2,24,2.1,0,373,67,241,0,0.03,0.27,0.1,0.06,0),
('queso muenster',363,40.9,24.2,28.5,2.4,2.4,0,0,4,731,432,0.8,0,0,0,0,0,192,0,0.03,0.38,0.1,0,0),
('queso parmesano',391,27.2,40.8,24.7,1.3,1.3,0,0,6,1260,823,0.6,45,5.3,0.33,1090,110,254,0,0.01,0.38,0.2,0,0),
('requeson',161,71.5,13.4,10.8,2.6,2.6,0,0,1.7,350,243,0.4,9,0.6,0.04,360,89,0,0,0.02,0.09,0,0,0),
('queso roquefort',423,34.1,22.2,36.6,1.1,1.1,0,0,6,735,535,1.1,0,0,0,0,0,271,0,0.03,0.46,1.4,0,0),
('pasta para untar con sabor a queso',323,49.3,7.2,28.6,9.2,9.2,0,0,5.7,259,724,1.9,0,0,0,0,0,0,0,0.03,0,0.1,0.01,0),
('yoghurt de leche completa y frutas',114,74.8,3.6,3.2,17.7,17.7,0,0,0.7,144,0,0,0,0,0,0,0,52,0,0.04,0.19,0,0,0),
('dulce de leche completa',92,80.6,4.2,3.6,10.8,10.8,0,0,0.8,172,0,0,0,0,0,0,0,62,0,0.06,0.24,0,0,0),
('yoghurt liquido de leche semidescrem c/frutas',63,85.2,4.9,1.5,7.4,7.4,0,0,1,0,0,0,0,0,0,0,0,0,0,0,0,0,0,0),
('yoghurt liqu. de leche descrem. c/frutas y edulcorante',55,86.2,4.3,0.7,7.8,7.8,0,0,1,0,0,0,0,0,0,0,0,159,0,0,0,0,0,0),
(' yoghurt natural de leche completa',74,85.3,4.3,3.8,5.7,5.7,0,0,0.9,178,0,0,0,0,0,0,0,66,0,0.06,0.22,0,0,0),
('yoghurt natural de leche descremad.',51,87,4.6,0.6,6.9,6.9,0,0,0.9,0,0,0,0,0,0,0,0,0,0,0,0,0,0,0),
('arvejas secas',271,11,23.2,1.4,41.3,60.7,19.4,18.7,3.7,63,337,4.3,118,3.5,0.74,26,941,30,180,0.62,0.21,3,0.12,0),
('arvejas secas cocidas',86,72.5,7.4,0.3,13.5,19,5.5,4.7,0.8,27,125,1.6,0,0,0,0,0,0,0,0.1,0.02,0.8,0,0),
('arvejas tiernas',94,69.2,7.8,0.5,14.5,21.7,7.2,0,0.8,28,120,2.1,0,0,0,0,0,68,408,0.3,0.15,2,0,25),
('arvejas tiernas enlatadas',67,77,4.7,0.3,11.4,15.7,4.3,0,2.3,26,76,1.9,0,0,0,0,0,69,414,0.08,0.57,0.8,0,8),
('caraotas blancas',233,11.2,23.9,1.5,31,59.7,28.7,26.3,3.7,215,418,6.9,140,2.6,0.63,4,1340,0,0,0.76,0.18,2.2,0.4,2),
('caraotas blancas cocidas',84,70.9,8,0.5,11.8,19.5,7.7,6.3,1.1,150,157,3.2,47,1,0.21,4,415,0,0,0.15,0.4,0.4,0.4,0),
('caraotas blancas enlatadas',73,73.6,6.3,0.5,10.9,17.9,7,0,1.7,50,105,2,51,1.1,0.23,5,454,0,0,0.05,0.04,0.3,0.08,0),
('caraotas negras',248,11.5,23,1.6,35.4,59.3,23.9,20.2,4.6,130,567,9,171,3.6,0.84,5,1483,0,0,0.77,0.25,3.1,0.29,8),
('caraotas negras cocidas',82,68.8,8.5,0.3,11.3,21,9.7,8.1,1.4,54,191,3.5,70,1.2,0.29,1,355,0,0,0.14,0.03,0.4,0.07,0),
('caraotas negras enlatadas',66,76.2,5.4,1.5,7.6,15,7.4,0,1.9,63,133,2.7,0,0,0,0,0,0,0,0.05,0.05,0.6,0,0),
('caraotas rojas',251,12,20.9,2,37.3,60.4,23.1,20.7,4.7,168,347,7.1,138,2.8,0.7,12,1359,0,0,0.19,0.18,2.9,0.4,6),
('caraotas rojas cocidas',91,68.5,8.6,0.5,13,21.1,8.1,6.9,1.3,39,193,2.9,42,0.9,0.26,5,378,0,0,0.04,0.05,0.6,0.12,0),
('caraotas rojas enlatadas',88,69.2,6.8,0.7,13.5,21.4,7.9,0,1.9,38,68,2.2,38,0.75,0.2,0,350,0,0,0.21,0.03,0.4,0.02,0),
('cuarentano',322,13.5,24.1,1.3,0,57.4,0,0,3.7,67,529,8.5,0,0,0,0,0,0,0,0.44,0.17,1.5,0,0),
('frijol',257,11.6,26.7,0.9,0,57.4,21.9,20.4,3.4,58,333,8.1,0,0,0,0,0,0,0,1.01,0.25,2,0,2),
('frijol cocido',92,69.2,8.2,0.4,35.5,21.3,7.3,6.8,0.9,25,156,2.2,0,0,0,0,0,0,0,0.18,0.05,0.4,0,0),
('gallinazo',311,13.1,22.1,1,14,61.2,0,0,2.6,46,375,7.3,0,0,0,0,0,0,0,0.44,0.12,1.5,0,2),
('garbanzos',310,12.4,20,4.6,0,60,13,12.5,3,146,312,7.5,155,3.5,0.08,25,810,5,30,0.35,0.14,1.4,0.55,1),
('garbanzos cocidos',113,64.8,9.5,1.8,47,22.8,8.1,7.2,1.1,82,135,2.6,0,0.77,0.18,0,0,0,0,0.07,0.03,0.5,0,0),
('guaracaro',324,12.8,21.2,1.5,14.7,60.9,0,0,3.6,152,368,7.1,0,0,0,0,0,0,0,0.33,0.2,1.9,0,0),
('habas blancas',267,12,25.5,1.3,0,57,18.6,0,4.2,96,343,4.9,0,0,0,0,0,3,18,0.46,0.15,2.1,0,0),
('habas rojas',273,12.2,25.5,1.6,38.4,57.7,18.6,0,3,77,358,6.3,0,0,0,0,0,10,60,0.3,0.26,0.3,0,0),
('habas verdes',111,64.5,9.3,0.5,39.1,24.7,7.5,0,1,40,157,2.2,0,0,0,0,0,17,102,0.27,0.13,1.5,0,26),
('lentejas',252,13.4,23.9,0.9,17.2,59.7,22.7,21.2,2.1,80,356,8.1,107,3.6,0.85,10,905,57,342,0.4,0.18,1.6,0.57,0),
('lentejas cocidas',65,79.1,6.8,0.3,37,13.2,4.5,4,0.6,27,100,2.5,26,1.45,0.19,12,22,0,0,0,0.02,0.4,0,0),
('quinchoncho seco',250,11.2,20.9,1,8.7,63.1,23.8,21.9,3.8,133,300,4.9,0,0,0,0,0,35,210,0.72,0.1,2.6,0,0),
('quinchoncho seco cocido',98,66.2,8.2,0.5,39.3,24,8.8,8.2,1.1,11,111,1.9,0,0,0,0,0,0,0,0.12,0.02,0.6,0,0),
('quinchoncho tierno',121,66.1,8.4,1,15.2,23.2,0,0,1.3,34,107,1.5,0,0,0,0,0,76,456,0.34,0.21,2.5,0,40),
('soya, grano entero',412,7.5,33.4,16.1,0,38.3,0,0,4.7,227,586,8,240,4.3,1.6,5,1330,11,66,1.07,0.31,2.3,0.38,0),
('soya, harina de',442,7.7,35.4,20.1,0,32.2,0,0,4.6,195,553,12.1,0,0,0,0,0,14,84,0.77,0.28,2.2,0,0),
('soya, harina desgrasada de',335,8,52,0.8,0,32.7,0,0,6.5,380,750,13,0,0,0,0,0,2,12,1.36,0.35,2.5,0,0),
('apio',94,73.5,1,0.1,22.3,24.3,2,1.1,1.1,25,60,0.9,0,0,0,0,0,57,342,0.06,0.04,3.5,0,18),
('apio cocido',88,76.2,0.6,0.5,20.3,21.9,1.6,0.9,0.8,15,40,0.5,0,0,0,0,0,0,0,0.03,0.03,2.5,0,0),
('batata',108,68.7,1.5,0.4,24.7,28.5,3.8,1.6,0.9,17,62,1.2,25,0.9,0.16,4,473,50,300,0.11,0.05,0.7,0,23),
('batata cocida',83,76.2,1.9,0.1,18.6,20.9,2.3,1.7,0.9,12,64,0.8,0,0,0,0,0,16,96,0.06,0.05,0.6,0,0),
('mapuey blanco',90,75.6,1.4,0.2,20.6,21.9,1.3,0.7,0.9,18,27,0.8,0,0,0,0,0,7,42,0.12,0.01,0.5,0,12),
('mapuey morado',112,69.9,1.2,0.6,25.5,27.4,1.9,1,0.9,16,36,0.7,0,0,0,0,0,2,12,0.1,0.01,0.6,0,11),
('name',98,73.4,2.1,0.2,21.9,23.4,1.5,0.8,0.9,18,49,0.9,0,0.11,10,393,0,0,0,0.12,0.03,0.4,0,7),
('name cocido',88,75.7,1.7,0.1,19.9,21.7,1.8,1.1,0.8,28,37,0.7,0,0,0,0,0,0,0,0.08,0.02,0.3,0,0),
('ocumo',103,71.9,1.7,0.8,22.3,24.4,2.1,1.3,1.2,22,72,0.9,0,0,0,0,0,3,18,0.13,0.02,0.6,0,6),
('ocumo cocido',101,72,1,0.2,23.7,26.1,2.4,1.7,0.7,26,42,0.6,0,0,0,0,0,0,0,0.08,0.01,0.4,0,0),
('ocumo chino',156,56.8,1.2,0.2,37.4,40.9,3.5,2.3,0.9,48,68,2.2,0,0,0,0,0,0,0,0.18,0.06,1.3,0,0),
('papa',81,77.5,2,0.1,17.9,19.5,1.6,0.6,0.9,8,45,0.8,20,0.35,0.09,3,411,0,0,0.1,0.06,1.2,0.31,20),
('papa cocida',68,81.2,2,0.1,14.8,16.1,1.3,0.6,0.6,6,40,0.7,14,0.3,0.07,7,280,0,0,0.07,0.02,1.1,0,0),
('papa morada',80,78.4,2.1,0.3,17.3,18.3,1,0.7,0.9,13,43,1,0,0,0,0,0,3,18,0.2,0.04,1.6,0,4),
('yuca',143,61.6,1.1,0.2,34.2,36.5,2.3,1.3,0.6,29,53,0.7,70,0.55,0.16,15,344,0,0,0.06,0.03,0.6,0,35),
('yuca cocida',129,65.3,0.8,0.2,30.9,33.3,2.4,1.3,0.4,20,38,0.5,0,0,0,0,0,0,0,0.04,0.02,0.4,0,0),
('acelga',19,90.4,2,0.2,2.2,5.8,3.6,3.5,1.6,112,47,3.4,0,0.27,0.13,0,0,600,3.6,0.05,0.18,0.04,0,34),
('aguacate',152,76,1.3,14,5.2,8,2.8,0,0.7,10,39,0.6,0,0.33,0.16,0,0,22,32,4,0,0,0,13),
('aji chile picante',41,88.3,1.2,0.2,0,9.7,0,0,0.6,6,20,0.7,0,0,0,0,0,50,300,0.06,0.08,2.1,0,35),
('aji dulce sin clasificar',46,86.6,1.9,0.6,0,10.2,0,0,0.7,20,28,1.7,0,0,0,0,0,256,936,0.09,0.13,1.5,0,91),
('aji rojo picante',63,81.1,2.2,1.6,0,14.1,0,0,1,29,65,1,0,0,0,0,0,460,2760,0.07,0.2,1.6,0,100),
('ajo',129,65.5,5.1,0.2,0,27.8,0,0,1.4,52,151,1.2,25,1,0.06,4,620,0,0,0.2,0.07,0.4,0.38,10),
('ajoporro',36,86.2,1.5,0.1,7.2,11.4,4.2,4,0.8,59,52,1,0,0,0,0,0,20,120,0.08,0.06,0.4,0,17),
('alcachofa',25,86.9,2.8,0.2,2.9,9.1,6.2,2.7,1,44,68,1.7,26,0,0.32,47,353,14,84,0.06,0.07,0.8,0,5),
('apio espana (celery)',16,93.5,0.9,0.1,2.8,4.3,1.5,1.5,1.2,52,35,0.8,12,0.11,0.12,132,344,3,18,0.5,0.05,0.3,0.09,8),
('auyama',43,87.5,1.5,0.4,8.4,9.7,1.3,0,0.9,26,34,0.8,0,0,0,0,0,495,2970,0.6,0.06,0.9,0,8),
('auyama cocida',27,91.7,0.8,0.2,5.6,6.7,1.1,0,0.6,27,28,0.5,0,0,0,0,0,186,1116,0.3,0.4,0.6,0,0),
('berenjena',18,92,1,0.3,2.8,5.5,2.7,2.6,1.2,15,31,0.7,11,0.2,0.01,2,0.7,3,18,0.06,0.05,0.6,0.08,5),
('berro',18,91.2,2.2,0.4,1.5,4.5,3,2.9,1.3,200,50,2.3,0,0,0,0,0,472,2832,0.08,0.2,0.8,0,70),
('brocoli',27,88.1,3.8,0.4,2.1,6.5,4.4,4.2,1.2,160,64,1.6,22,0.6,0.02,8,370,350,2100,0.1,0.16,0.9,0.11,112),
('calabacin',11,96.1,1.2,0.2,1.1,1.9,0.8,0.6,0.6,22,45,0.5,0,0,0,0,0,0,0,0.06,0.06,0.7,0,1),
('cebolla',43,96.7,1.4,0.2,9,11.1,2.1,0,0.6,34,44,0.4,4,0.2,0.05,3,160,5,30,0.03,0.04,0.2,0.2,9),
('coliflor',19,90.5,2.5,0.2,1.8,5.9,4.1,3.9,0.9,28,61,0.9,17,0.6,0.02,9,380,9,54,0.09,0.09,0.5,0.28,65),
('colinabo',31,90.7,2,0.1,0,6.4,0,0,0.8,36,52,0.4,0,0,0,0,0,0,0,0.06,0.03,0.3,0,68),
('chayota',25,92,0.7,0.2,5.2,6.7,1.5,1.4,0.4,19,22,0.5,0,0,0,0,0,0,0,0.02,0.03,0.4,0,13),
('escarola',14,93,1.4,0.2,1.6,4.5,2.9,2.4,0.9,94,57,1.6,10,0.36,0.04,53,346,300,1800,0.07,0.12,0.4,0,11),
('esparrago',23,92.3,2.2,0.2,3.1,4.6,1.5,0,0.7,21,62,0.9,13,0.7,0.08,1,260,100,600,0.16,0.19,1.4,0.09,33),
('esparrago enlatado',25,91.7,2.4,0.4,2.9,4.2,1.3,0,1.3,19,53,1.9,13,0.7,0.08,60,210,80,480,0.06,0.08,1,0.07,18),
('espinaca',17,92.1,2.3,0.3,1.3,3.8,2.5,2.4,1.5,81,55,3,54,0.57,0.08,140,500,600,3600,0.11,0.2,0.6,0.17,46),
('hongos',26,90.7,2.7,0.2,3.4,5.4,2,0,1,11,125,1.2,14,0.5,0.4,8,417,0,0,0.1,0.44,5.2,0.07,5),
('hongos enlatados',25,91.2,2.3,0.5,2.9,4.9,2,0,1.1,19,69,0.6,15,0,0.5,319,125,0,0,0.02,0.19,1.2,0.06,2),
('lairen',45,88.2,0.5,0.8,0,9.7,0,0,0.8,15,34,3.1,0,0,0,0,0,50,300,0.04,0.03,0.4,0,4),
('lechuga',10,94.2,1.2,0.2,0.9,3.5,2.6,0,0.9,62,20,1.1,0,0.24,0.02,0,0,162,972,0.06,0.07,0.3,0,18),
('nabo blanco',25,92.2,1.1,0.1,0,5.8,0,0,0.8,42,34,0.5,0,0,0,0,0,0,0,0.04,0.05,0.5,0,26),
('palmito',41,82.8,1.6,0.2,8.1,13.9,5.8,4.6,1.5,70,40,0.5,0,0,0,0,0,0,0,0.06,0.06,1.1,0,0),
('pepino',13,95.6,0.7,0.1,2.4,3.2,0.8,0.5,0.4,10,21,0.3,0,0.15,0.05,9,141,0,0,0.03,0.04,0.2,0.04,8),
('perejil',37,84,4,0.8,3.4,9.4,6,0,1.8,210,68,4.3,0,0,0,0,0,823,4938,0.11,0.29,1.8,0,155),
('pimenton rojo',20,92.3,0.8,0.2,3.9,6.2,2.3,1.7,0.5,11,31,0.7,0,0,0,0,0,780,4680,0.05,0.07,1.1,0,160),
('pimenton verde',19,92.7,0.9,0.1,3.7,5.9,2.2,1.7,0.4,8,24,0.6,0,0,0,0,0,20,120,0.04,0.04,0.7,0,150),
('quimbombo',34,89.7,2.4,0.3,0,6.5,0,0,1.1,112,66,1.7,0,0,0,0,0,9,56,0.11,0.13,0.9,0,17),
('rabano',15,94,1,0.1,2.6,4.1,1.5,1.4,0.8,32,30,1.1,15,0.3,0.04,18,322,0,0,0.03,0.03,0.2,0.06,25),
('remolacha',35,87.1,1.4,0.2,6.9,10.4,3.5,3.1,0.9,26,39,1.1,25,0.34,0.08,58,336,0,0,0.03,0.05,0.4,0.05,10),
('remolacha enlatada',28,89.3,1,0.1,5.8,8.2,2.4,0,1.4,19,18,0.7,0,0,0,0,0,0,0,0.01,0.03,0.1,0,3),
('repollito de bruselas',40,84,4.7,0.4,4.4,9.6,5.2,4.6,1.3,37,85,1.6,8,0.5,0.02,6,450,40,240,0.12,0.13,0.8,0.19,86),
('repollo blanco',25,91.3,1.4,0.2,4.3,6.1,2,1.4,0.8,46,31,0.5,14,0.17,0.02,17,246,8,48,0.06,0.05,0.3,0.09,50),
('repollo morado',16,92.6,1.8,0.3,1.4,5,3.6,1.8,0.3,28,45,1.6,14,0.2,0.09,11,206,0,0,0.06,0.05,0.3,0.2,77),
('ruibarbo',17,94.1,0.6,0.1,0,4.2,0,0,1,56,21,0.4,0,0,0,0,0,5,30,0.01,0.02,0.1,0,10),
('tomate enlatado',10,94.7,1.1,0.2,2.6,3.2,0.6,0,0.8,20,33,0.9,13,0.23,0.08,9,193,102,612,0.03,0.02,0.7,0,8),
('tomate manzano',15,94.6,1.4,0.2,1.9,3.2,1.3,1,0.6,7,21,0.9,14,0.17,0.06,3,242,79,474,0.06,0.04,0.6,0.1,25),
('tomate perita',17,94.5,1.2,0.5,1.8,3.2,1.4,0.9,0.6,19,23,0.9,7,0.1,0.01,9,250,126,756,0.08,0.03,0.7,0.1,8),
('vainita',31,87.5,2.4,0.2,4.8,9.1,4.3,3.8,0.8,65,44,1.1,0,0,0,0,0,63,378,0.08,0.11,0.6,0,19),
('vainitas enlatadas',13,92.6,1.3,0.1,1.7,4.3,2.6,2,1.4,49,24,2.4,0,0,0,0,0,8,48,0.02,0.06,0.4,0,3),
('vegetales mixtos enlatados',34,87.5,2.6,0.3,5.1,8.4,3.3,3,1.2,39,40,1.4,0,0,0,0,0,539,3254,0.05,0.05,0.4,0,2),
('zanahoria',32,89.3,1,0.2,6.5,8.7,2.2,1.5,0.8,42,34,0.6,18,0.13,0.05,60,290,850,5100,0.06,0.05,0.5,0.3,5),
('zanahoria enlatada',26,91.2,0.8,0.3,5,6,1,0.9,1.7,30,22,0.7,0,0.18,0.03,0,0,850,5100,0.02,0.03,0.4,0,2),
('aceituna verde',137,74,1.5,13.5,2.4,5.2,2.8,0,5.8,87,17,2,19,0,0.3,2100,43,31,186,0.03,0.08,0.5,0.02,0),
('albaricoque',50,85.4,1,0.1,11.3,13.9,1.6,0,0.6,16,23,0.5,9,0.14,0.13,2,278,279,1674,0.03,0.05,0.8,0.07,7),
('albaricoque, compota para ninos',64,82.6,1,0.4,0,15.2,0,0,0.8,20,30,1.1,5,0.1,0,10,150,170,1020,0.02,0.02,0.2,0,35),
('albaricoque enlatado, con sirup',84,76.9,0.6,0.1,20.2,21.8,1.6,1.1,0.6,10,15,0.3,11,0.1,0.06,2,270,135,810,0.02,0.02,0.3,0,4),
('albaricoque seco',284,23,5.2,0.4,64.8,67.9,3.1,0,3.5,86,119,4.9,0,0,0,0,0,743,4480,0.01,0.13,3.2,0,12),
('anon',100,72.8,1.6,0.2,0,24.6,0,0,0.8,28,36,1.8,0,0,0,0,0,0,0,0.11,0.15,0.9,0,42),
('caimito',72,82.8,0.8,1.6,0,14.5,0,0,0.3,21,17,0.8,0,0,0,0,0,2,12,0.04,0.03,1,0,11),
('cambur cuyaco',92,76.9,1.9,0.7,0,19.8,0,0,0.7,19,20,0.7,0,0,0,0,0,61,366,0.04,0.05,0.8,0,11),
('cambur guineo morado',85,78.1,1.2,0.6,0,19.3,0,0,0.8,20,23,0.5,0,0,0,0,0,38,228,0.06,0.06,0.6,0,6),
('cambur guineo verde',78,79.8,1.7,0.6,0,17,0,0,0.9,18,32,1,0,0,0,0,0,95,570,0.07,0.05,0.8,0,7),
('cambur, harina de,',358,8,3.7,0.5,0,85.6,0,0,2.2,72,101,5.4,0,0,0,0,0,7,42,0.07,0.11,1.2,0,3),
('cambur manzano',95,73.8,1,1.3,19.8,23.2,3.4,0,0.7,20,51,0.9,0,0,0,0,0,16,96,0.05,0.04,0.7,0,14),
('cambur pasado',231,73.9,3.3,2.8,0,49.2,0,0,0.8,41,59,0.5,0,0,0,0,0,26,156,0.04,0.09,1.2,0,1),
('cambur pineo',70,79.5,1.5,1,13.8,17.2,3.4,0,0.8,24,16,0.4,0,0,0,0,0,38,228,0.05,0.05,0.9,0,8),
('cambur titiaro',132,68.3,1.4,1.9,0,27.7,0,0,0.7,31,23,0.7,0,0,0,0,0,82,492,0.05,0.06,0.9,0,10),
('cambur topocho',124,69.1,1.3,1,0,27.8,0,0,0.8,25,57,0.3,0,0,0,0,0,20,120,0.06,0.05,0.5,0,20),
('ciruela de huesito',80,79.9,0.9,0.8,0,17.9,0,0,0.5,25,39,1.1,0,0,0,0,0,33,198,0.11,0.08,0.6,0,53),
('ciruela morada (importada)',57,83.9,0.7,0.2,13.2,14.9,1.7,0,0.3,17,24,0.5,0,0,0,0,0,30,180,0.05,0.03,0.4,0,5),
('ciruela pasa',272,22.4,2.3,0.6,64.3,72.6,8.3,0,2.1,54,85,3.9,0,0,0,0,0,189,1134,0.1,0.16,1.7,0,3),
('coco maduro',295,50.8,3.5,27.2,9.1,15.7,8.4,0,1,13,83,1.8,39,0.79,0,35,379,0,0,0.04,0.03,0.6,0.06,4),
('coco tierno',117,80.7,1.9,11.9,0.6,4.7,4.1,0,0.8,11,42,1.1,0,0,0,0,0,0,0,0.05,0.03,0.8,0,7),
('curuba',29,92,0.6,0.1,0,6.6,0,0,0.7,4,20,0.4,0,0,0,0,0,170,1020,0,0.03,2.5,0,40),
('chirimorrinon (chirimoya)',91,74.7,1.1,0.2,0,23.2,0,0,0.8,34,35,0.6,0,0,0,0,0,0,0,0.09,0.13,0.9,0,17),
('chirimoya (corazon)',91,77.1,1.1,1.2,0,20.3,0,0,0.3,23,19,0.7,0,0,0,0,0,0,0,0.05,0.13,0.7,0,21),
('datil seco',281,20,2.2,0.6,66.7,75.4,8.7,0,1.8,72,60,2.1,34,0.3,0.22,8,590,6,36,0.09,0.1,2.2,0.13,0),
('durazno criollo',49,85.8,0.4,0.1,11.7,13.3,1.6,0.9,0.4,14,22,0.6,0,0,0,0,0,20,120,0.05,0.03,0.3,0,17),
('fresa',39,88.5,0.8,0.5,7.9,9.7,1.8,0,0.5,28,27,0.8,15,0.27,0.05,3,147,6,36,0.03,0.07,0.3,0.06,60),
('fruta de pan',90,75.5,1.3,0.5,0,21.9,0,0,0.8,27,33,1.9,0,0,0,0,0,0,0,0.1,0.05,0.7,0,29),
('granada',69,80.4,0.7,0.5,15.5,17.9,2.4,0,0.5,7,25,0.5,3,0.2,0.12,7,290,0,0,0.07,0.02,0.9,0,8),
('grappe fruit',32,90.8,0.8,0,7.2,8.1,0.9,0.7,0.3,48,18,1.8,9,0,0.02,3,200,0,0,0.04,0.03,0.2,0.03,34),
('guama',67,91.8,1,0.1,0,16.7,0,0,0.4,21,20,0.9,0,0,0,0,0,0,0,0.04,0.06,0.4,0,9),
('guanabana',63,83.1,1,0.4,0,14.9,0,0,0.6,24,28,0.5,20,0.34,0.13,14,275,0,0,0.07,0.05,0.9,0.06,26),
('guayaba colorada o rosada',29,89,1,0.4,5.4,8.9,3.5,0,0.7,23,32,1.1,0,0,0,0,0,687,4122,0.05,0.06,0.8,0,160),
('guayaba parcha o blanca',49,82,1,0.5,10.2,15.9,5.7,0,0.6,18,23,1.8,13,0.56,0,4,290,64,384,0.11,0.05,0.8,0,291),
('higo',85,76.3,1.4,0.4,18.9,21.3,2.4,0,0.6,54,32,0.6,20,0.24,0.08,2,240,8,48,0.06,0.05,0.5,0.11,2),
('higo seco',252,23,4,1.2,56.2,69.4,13.2,0,2.4,186,111,3,80,0.7,0.3,62,970,8,48,0.16,0.12,1.7,0.13,0),
('icaco',51,85.4,0.4,0.1,0,13.1,0,0,1,37,18,0.5,0,0,0,0,0,0,0,0.04,0.09,0.6,0,7),
('jobo amarillo',77,81.7,0.8,2.1,0,14.8,0,0,0.6,26,31,2.2,0,0,0,0,0,25,150,0.08,0.06,0.5,0,28),
('kiwi',60,83,1,0.6,12.6,0,2.1,0,0.7,38,31,0.8,24,0.11,0.1,4,295,8,48,0.02,0.05,0.4,0,71),
('lechoza',31,90.5,0.6,0.1,6.9,8.4,1.5,0,0.4,19,14,0.3,41,0.04,0,3,211,151,906,0.03,0.04,0.3,0,60),
('lima dulce',34,90.9,0.7,0.6,0,7.4,0,0,0.4,28,20,0.5,0,0,0,0,0,0,0,0.05,0.03,0.2,0.02,41),
('limon',44,88.4,0.9,0.6,0,9.6,0,0,0.5,40,22,0.6,0,0.1,0.03,5,150,0,0,0.04,0,0.1,0.11,35),
('mamey',41,89,0.3,0.6,0,9.9,0,0,0.2,22,13,0.5,0,0,0,0,0,65,390,0.04,0.02,0.3,0,10),
('mamon',83,79.9,1.2,1.3,0,16.9,0,0,0.7,12,26,1.1,0,0,0,0,0,35,210,0.08,0.04,1.1,0,12),
('mandarina',50,86.3,0.8,0.3,0,11.9,0,0,0.7,33,23,0.4,0,0,0,0,0,42,252,0.07,0.03,0.2,0,25),
('manga',55,84,0.6,0.1,12.8,14.8,2,1.3,0.5,10,13,0.2,0,0,0,0,0,112,672,0.06,0.06,0.6,0,45),
('mango bocado',62,82.1,0.6,0.1,14.6,16.6,2,1.3,0.6,12,13,0.5,0,0,0,0,0,300,1800,0.04,0.06,0.4,0,70),
('mango de hilacha',72,79.9,0.6,0.1,17.1,18.9,1.8,1.2,0.5,9,12,0.3,0,0,0,0,0,0,0,0.05,0.06,0.9,0,0),
('manzana, compota para ninos',65,83.1,0.5,0.2,0,16,0,0,0.2,5,7,0.4,0,0,0,0,0,8,48,0.01,0.02,0.2,0,35),
('manzana criolla',42,88,0.4,0.2,9.7,11.2,1.5,0,0.2,12,23,0.8,0,0,0,0,0,6,36,0.01,0.02,0,0,10),
('manzana importada',55,84.5,0.3,0.3,12.8,14.7,1.9,0,0.2,6,9,0.5,5,0.1,0.03,3,120,6,36,0.03,0.03,0.2,0.66,3),
('manzana seca',270,23,1.4,1,63.8,73.2,9.4,0,1.4,19,48,1.4,0,0,0,0,0,0,0,0.1,0.1,1,0,12),
('melocoton',65,80.5,0.5,0.1,15.4,18.4,3,0,0.5,8,22,0.6,9,0.1,0.06,1,160,88,528,0.02,0.05,0.9,0.02,8),
('melocoton, compota para ninos',65,83.5,0.8,0.3,0,15.1,0,0,0.3,7,19,0.9,0,0,0,0,0,63,378,0.02,0.02,0.6,0,35),
('melocoton, enlatado con sirup',71,80.9,0.4,0.1,17.1,18.2,1.1,0,0.4,5,14,0.4,0,0,0,0,0,45,270,0.01,0.02,0.7,0,4),
('melocoton seco',253,23,3,0.6,58.8,70.4,11.6,0,3,44,126,6.9,0,0,0,0,0,325,1950,0.01,0.2,5.4,0,19),
('melon',21,94.2,0.6,0.2,4.3,4.6,0.3,0,0.4,15,15,0.4,11,0.12,0.01,8,210,150,900,0.03,0.04,0.5,0.11,25),
('membrillo',51,81.5,0.3,0.5,11.4,17.3,5.9,0,0.4,14,24,0.4,0,0,0,0,0,10,60,0.04,0.03,0.2,0,20),
('merey',46,87.2,0.8,0.3,0,11.4,0,0,0.3,10,15,0.5,0,0,0,0,0,40,240,0.07,0.04,0.4,0,227),
('mora-zarzamora',66,80.5,1.2,0.6,13.9,17.1,3.2,0,0.6,34,36,2,0,0,0,0,0,17,102,0.02,0.04,0.5,0,18),
('naranja cajera',58,84.8,0.7,0.1,0,13.9,0,0,0.5,43,17,0.6,0,0,0,0,0,7,42,0.06,0.04,0.3,0,42),
('naranja china',44,89.1,1.4,0.7,0,8.3,0,0,0.5,50,19,0.9,0,0,0,0,0,18,108,0.07,0.03,0.3,0,20),
('naranja valencia',35,90.1,0.7,0,0,8.8,0,0,0.4,65,21,1.4,0,0,0,0,0,7,42,0.08,0.04,0.4,0,45),
('nispero',79,80.3,0.4,1,0,17.9,0,0,0.4,40,6,0.5,0,0,0,0,0,0,0,0,0.04,0.2,0,7),
('nispero del japon',47,87.7,0.5,0.8,0,10.5,0,0,0.5,60,11,0.5,0,0,0,0,0,164,984,0.02,0.04,0.4,0,1),
('parcha granadina',33,91.1,0.8,0.6,0,6.9,0,0,0.6,16,27,0.7,0,0,0,0,0,5,30,0.01,0.08,1,0,64),
('parcha morada',51,87,1.3,0.6,0,10.5,0,0,0.6,22,23,0.7,0,0,0,0,0,86,516,0,0.1,1.7,0,63),
('parchita',78,80.1,1.8,3.4,0,13.9,0,0,0.8,20,9,1.6,29,0.5,0,19,200,63,378,0.1,1.12,1.5,0,16),
('patilla',21,93.9,0.5,0,4.8,5.1,0.3,0,0.5,11,8,0.8,8,0.1,0.02,2,100,40,240,0.03,0.03,0.2,0.14,4),
('pera',63,81.3,0.7,0.4,14.2,17.2,3,0,0.4,13,16,0.3,8,0.2,0.72,2,126,3,18,0.02,0.04,0.1,0.02,4),
('pera, compota para ninos',53,85.7,0.7,0.2,0,13.1,0,0,0.3,11,13,0.2,0,0,0,0,0,4,24,0.01,0.02,0.2,0,35),
('pera enlatada, con sirup',74,80.3,0.2,0.1,0,18.1,1.1,0,0.2,8,10,0.2,0,0,0,0,0,0,0,0.01,0.02,0.1,0,2),
('pina',55,84.9,0.4,0.2,8.4,14.1,5.7,5.3,0.4,16,11,0.5,17,0.12,0.01,2,173,14,84,0.08,0.02,0.2,0.07,26),
('pitahaya',62,83,1.4,0.4,0,14.6,0,0,0.6,10,26,1.3,0,0,0,0,0,0,0,0.04,0.04,0.3,0,8),
('platano maduro',137,63.4,1.2,0.4,32.1,34,1.9,0,1,5,38,1,0,0,0,0,0,158,948,0.05,0.07,0.8,0,15),
('platano maduro horneado',168,54.2,1.5,0.2,40.1,42.8,2.7,0,1.3,6,38,1.1,0,0,0,0,0,221,1326,0.07,0.08,0.8,0,4),
('platano maduro sancochado',133,64,1.2,0.3,31.4,33.7,2.3,0,0.8,6,34,0.8,0,0,0,0,0,173,1038,0.05,0.06,0.7,0,6),
('platano pinton',147,60.4,1.2,0.2,35.1,37.3,2.2,0,0.9,4,40,1.1,0,0,0,0,0,0,0,0.06,0.09,0.7,0,10),
('platano verde',148,60.3,1.4,0.3,34.9,37.1,2.2,0,0.9,5,47,0.7,0,0,0,0,0,215,1290,0.07,0.06,0.7,0,15),
('platano verde asado',201,49.2,1.5,0.5,0,47.9,0,0,0.9,9,55,1.7,0,0,0,0,0,283,1698,0.12,0.06,0.7,0,7),
('platano verde, harina de',332,10.8,2.7,1.6,76.6,82.7,6.1,0,2.2,26,47,1.8,0,0,0,0,0,175,1050,0.13,0.07,1.1,0,0),
('platano verde sancochado',138,60.9,1.4,0.2,32.7,36.7,4,0,0.8,6,35,0.6,0,0,0,0,0,189,1134,0.07,0.06,0.7,0,9),
('platano verde, sopa de',74,84.4,0.4,3.3,0,11.2,0,0,0.7,40,40,0.2,0,0,0,0,0,9,318,0.02,0.02,0.2,0,0),
('pomarrosa',67,81.8,0.6,0.2,0,17,0,0,0.4,35,16,0.6,0,0,0,0,0,40,240,0.02,0.02,0.7,0,14),
('rinon',87,76.6,2.1,0.9,0,19.2,0,0,1.2,34,57,0.8,0,0,0,0,0,0,0,0.16,0.15,1.1,0,6),
('semeruco',40,89.9,0.4,0.4,0,9.1,0,0,0.2,12,11,0.2,0,0,0,0,0,0,0,0.03,0.05,0.6,0,1100),
('tamarindo',296,21.8,2.4,0.3,0,73.7,0,0,1.8,73,79,1.3,0,0,0.22,3,570,7,42,0.58,0.14,1.2,0,6),
('tomate frances (de arbol)',44,85.7,1.8,0.4,0,11.2,0,0,0.9,18,37,1.3,21,0,0,0,320,93,558,0.11,0.05,1.3,0,18),
('toronja',38,89.5,0.6,0.2,8.5,9.3,0.8,0,0.4,26,26,0.5,0,0.08,0.08,2,192,6,36,0.04,0.02,0.2,0.07,30),
('tuna s/semilla',75,79.7,0.5,0.1,0,18.4,0,0,1.3,26,16,0.8,0,0,0,0,0,0,0,0,0.03,0.2,0,20),
('urupagua',200,51.6,2.7,3.6,0,40.9,0,0,1.2,28,34,2.4,0,0,0,0,0,0,0,0.04,0.07,0.6,0,18),
('uva',68,81.4,0.7,0.3,15.7,17.2,1.5,0,0.4,17,21,0.6,9,0.06,0.08,2,192,8,48,0.06,0.04,0.2,0.07,4),
('uva de playa',81,77,1.4,0.3,0,20.3,0,0,1,54,33,1.2,0,0,0,0,0,0,0,0.03,0.03,0.6,0,17),
('uva pasa',277,24,2.3,0.5,65.9,71.2,5.3,0,2,78,129,3.3,0,0,0,0,0,5,30,0.15,0.08,0.5,0,0),
('zapote (mamey colorado)',111,71.6,1.2,1,0,25.2,0,0,1,48,28,0.6,0,0,0,0,0,45,270,0.01,0.11,1.7,0,19),
('arepa c/c/mechada',160,59.7,15.5,2.7,18.5,20.8,2.3,0,1.3,11,92,1.8,0,2.3,0,0,0,0,0,0,0,2.2,0,0),
('arepa c/ensal/galli/aguacat',158,65.2,9.1,4.7,19.9,22.1,2.2,0,0.9,12,61,1.3,0,0.6,0,0,0,0,0,0,0,3.5,0,0),
('arepa c/jamon y queso amarillo',176,61.1,8.6,7.4,18.8,20.6,1.8,0,2.3,111,155,1.2,0,1.1,0,0,0,0,0,0,0,2,0,0),
('arepa c/pollo',160,61.2,10.9,3.8,20.7,22.7,2,0,1.4,12,84,1.6,0,0,0,0,0,0,0,0,0,3.2,0,0),
('arepa c/queso guyanes',198,56.7,8.8,8.4,21.7,24.2,2.5,0,1.9,114,114,1.2,0,1.1,0,0,0,0,0,0,0,0.6,0,0),
('bocadillo de guayaba (3)',322,19,0.4,0,0,80.1,0,0,0.5,23,16,1.1,0,0,0,0,0,11,66,0.04,0.13,0.9,0,0),
('cachapa de budare (4)',137,59.2,4,1.3,27.3,34.2,6.9,0,1.3,36,113,2.5,0,0,0,0,0,0,0,0.24,0.12,1.4,0,0),
('cafunga (5)',156,64.9,3.7,3.3,0,27.8,0,0,0.3,134,44,0.4,0,0,0,0,0,28,168,0.05,0.07,0.3,0,0),
('carne mechada frita (6)',247,56.9,21.3,16.5,0,3.3,0,0,2,53,148,3.3,0,0,0,0,0,0,0,0.05,0.17,3.7,0,0),
('casabe (7)',333,12.5,1.3,0.6,80.6,84.7,4.1,0,0.9,60,78,3.1,0,0,0,0,0,0,0,0.08,0.05,0.7,0,0),
('catalina (8)',343,12,8.1,0.8,0,76.4,0,0,2.7,88,101,10.4,0,0,0,0,0,0,0,0,0.15,1.5,0,0),
('cotufa',50,8,12,5.6,62.8,72.8,10,0,1.6,39,284,5,0,0,0,0,0,0,0,0,0.23,2.4,0,0),
('churro (11)',373,9.9,11.1,3.2,0,75.4,0,0,0.4,36,89,1.9,0,0,0,0,0,0,0,0.13,0.09,1,0,0),
('empanada de caraota (12)',253,51.9,4.1,13.4,0,29.1,0,0,1.5,69,67,2.1,0,0,0,0,0,0,0,0.07,0.05,0.3,0,0),
('empanada de carne (12)',282,46.2,5.8,14.7,0,31.7,0,0,1.6,48,57,2.6,0,0,0,0,0,0,0,0.03,0.06,0.8,0,0),
('empanada de cazon (12)',262,52.9,8.6,16,0,21,0,0,1.5,0,0,1,0,0,0,0,0,0,0,0.03,0.04,0.7,0,0),
('empanada de queso (12)',292,44.4,6.1,15.7,0,31.6,0,0,2.2,107,124,1.2,0,0,0,0,0,0,0,0.02,0.12,0.2,0,0),
('flan preparado',113,75.1,2.9,3.4,0,17.8,0,0,0.8,0,0,0,0,0,0,0,0,0,0,0,0,0,0,0),
('gelatina preparada',67,83.1,1.6,0,0,15.2,0,0,0.1,0,0,0,0,0,0,0,0,0,0,0,0,0,0,0),
('golfeado (14)',326,22.9,5.2,5.5,0,64.4,0,0,2,150,131,3,0,0,0,0,0,0,0,0.11,0.08,0.6,0,0),
('hallaca criolla (15)',183,66.3,6.5,10.8,0,15,0,0,1.4,39,60,1.2,0,0,0,0,0,0,0,0.07,0.08,1.2,0,9),
('hamburguesa c/queso',247,50,12.3,11.8,23,24.6,1.6,0,1.3,0,0,0,0,0,0,0,0,0,0,0.14,0.16,2.2,0,0),
('hamburguesa doble carne/queso',285,44.9,16.3,16.1,18.7,20.3,1.6,0,2.4,0,0,0,0,0,0,0,0,0,0,0.06,0.18,2.7,0,0),
('hamburguesa c/queso y mayonesa',250,51.7,14,14.1,16.7,18.3,1.6,0,1.9,0,0,0,0,0,0,0,0,0,0,0.06,0.16,2.1,0,0),
('hervido de gallina (17)',74,85.2,2.4,4.2,0,7.2,0,0,1,77,47,1,0,0,0,0,0,5,0,0.05,0.03,1,0,6),
('hervido de pesacdo (17)',49,84.2,8.6,3,0,3.2,0,0,1,108,73,0.5,0,0,0,0,0,5,0,0.05,0.04,0.8,0,6),
('hervido de res (17)',60,86.8,2.8,3.1,0,6.5,0,0,0.8,58,40,0.7,0,0,0,0,0,67,0,0.04,0.03,0.8,0,3),
('jalea de mango',185,53.7,0.5,1,0,43.7,0,0,1.1,94,31,3.9,0,0,0,0,0,95,570,0.02,0.07,0.4,0,6),
('majarete (20)',128,70.8,1.3,2.9,0,24.2,0,0,0.8,75,21,3,0,0,0,0,0,3,18,0.01,0.03,0.2,0,0),
('mermelada',287,27.6,0.5,0.3,0,71.2,0,0,0.4,12,12,3,0,0,0,0,0,0,0,0.02,0.02,0.2,0,6),
('mondongo (sopa)(22)',95,81.5,6.9,4.9,0,6.1,0,0,0.6,62,39,1.9,0,0,0,0,0,114,0,0.06,0.04,0.7,0,4),
('pabellon (24)',136,66.6,10.4,4.9,12.6,16.9,4.3,0,1.2,39,132,2.5,0,0,0,0,0,0,0,0.08,0.07,1.3,0,0),
('papas fritas',318,30.6,4.5,11.3,49.5,53.1,3.6,0,0.5,15,20,0.5,10,0.55,0,167,164,0,0,0.13,0.01,2.5,0.25,28),
('pelota (28)',111,74.6,0.5,2.1,0,22.5,0,0,0.3,27,7,2.5,0,0,0,0,0,10,60,0.01,0.03,0.1,0,0),
('platano maduro frito (tajadas)',224,49.2,1.4,9.2,34,39.2,5.2,0,1,6,36,1,0,0,0,0,0,259,1554,0.07,0.08,0.8,0,15),
('platano maduro, dulce de',211,47.2,1.5,0.9,0,49.5,0,0,0.9,27,41,1,0,0,0,0,0,198,1188,0.11,0.06,0.6,0,9),
('platano vere, tostones de',252,35,1.9,10.1,38.3,51.8,13.5,0,1.2,9,78,0.8,0,0,0,0,0,316,1896,0.09,0.1,0.9,0,18),
('pudin preparado',130,70.3,3.4,3.1,0,22.2,0,0,1,0,0,0,0,0,0,0,0,0,0,0,0,0,0,0),
('tapioca seca',350,12.5,0.6,0.2,0,86.5,0,0,0.2,12,12,1,0,0,0,0,0,0,0,0,0,0,0,0),
('aceite',900,0,0,100,0,0,0,0,0,0,0,0,0,0,0,0,0,0,0,0,0,0,0,0),
('azucar blanca',398,0.5,0,0,99.5,99.5,0,0,0,0,0,0,0,0,0,0,0,0,0,0,0,0,0,0),
('azucar morena',383,3,0,0,95.8,95.8,0,0,1.2,76,37,2.6,0,0,0,0,0,0,0,0,0,0,0,0),
('cacao, grano integro s/cascara',563,5.8,12.4,43.7,0,34.3,0,0,3.8,130,500,5.8,0,0,0,0,0,4,24,0.18,0.16,1.9,0,0),
('cafe tostado',398,5.9,14.2,14,0,61.4,0,0,4.5,150,200,5,0,0,0,0,0,0,0,0.07,0.1,35,0,0),
('cereal c/chocolate, tipo musli',351,0,6.7,4.4,71.1,77.8,6.7,0,0,0,0,7.8,0,2,0,444,256,556,0,0.61,0.94,0,1.11,0),
('cereal con fruta, tipo nusli',331,0,6.7,2.2,71.1,80,8.9,0,0,0,0,7.8,0,2,0,689,244,556,0,0.61,0.94,10.6,1.11,0),
('cereal infantil c/leche',410,4,16,8,0,69,0,0,2.8,500,238,15,0,0,0,0,0,900,0,1,1.2,10,0,35),
('cereal infantil sin leche (16%proteina)',356,8,16,0.8,0,72.2,0,0,3,500,300,15,0,0,0,0,0,900,0,1,1.2,10,0,0),
('cereal infantil sin leche (- 16% proteina)',365,5.2,9.6,2.6,0,78.9,0,0,3.7,500,450,15,0,0,0,0,0,900,0,1,1.2,35,0,35),
('chocolate simple dulce',467,2.1,3.8,16.8,0,76.1,0,0,1.2,46,150,2.8,0,0,0,0,0,0,0,0.05,0.09,0.5,0,0),
('ensalada de frutas enlatadas',75,80.1,0.4,0.2,17.9,19,1.1,0,0.3,9,12,0.4,0,0,0,0,0,16,96,0.01,0.01,0.4,0,0),
('ensaladas vegetales, mayonesa, enlatada',83,81.5,1.3,3.8,0,12.1,0,0,1.3,23,27,0.6,0,0,0,0,0,262,0,0.06,0.03,0.5,0,0),
('flan en polvo',395,1,0,0.2,98.2,98.2,0,0,0.6,0,0,0,0,0,0,0,0,0,0,0,0,0,0,0),
('gelatina en polvo (azucar y sabor)',392,1.6,9.4,0,28.7,88.7,0,0,0.3,0,0,0,0,0,0,0,0,0,0,0,0,0,0,0),
('gelatina seca natural',343,13,85.6,0.1,0,0,0,0,1.3,0,0,0,0,0,0,0,0,0,0,0,0,0,0,0),
('gofio cumanes',334,17.2,0.5,1.4,0,80.4,0,0,0.5,41,28,2.3,0,0,0,0,0,0,0,0.04,0.05,0.4,0,0),
('helado de crema',212,60.9,4.1,12,22,22,0,0,1,150,119,0.1,0,0,0,0,0,118,0,0.05,0.22,0.1,0,0),
('helado de leche',125,64.4,5,4,25.4,25.4,0,0,1.2,177,140,0.1,0,0,0,0,0,39,70,0.06,0.26,0.1,0,0),
('lactovisoy',389,2.9,16,0.9,0,78.4,0,0,1.8,500,225,15,0,0,0,0,0,330,0,0.8,1,13,1,21),
('levadura de cerveza, seca',345,7,36.9,1.6,0,46.6,0,0,7.9,106,1893,18,0,0,0,0,0,0,0,9.7,5.5,36.2,0,0),
('manteca de cerdo',900,0,0,100,0,0,0,0,0,0,0,0,0,0,0,0,0,0,0,0,0,0,0,0),
('margarina',733,15.5,0.6,81,0.4,0.4,0,0,2.5,20,16,0,0,0,0,0,0,510,0,0,0,0,0,0),
('mayonesa comercial',748,11.2,1.1,80,6.2,6.2,0,0,1.5,9,30,0.4,0,0,0,0,0,34,61,0.02,0.03,0,0,0),
('melaza',260,24.5,0,0,65,65,0,0,10.5,579,85,11.3,0,0,0,0,0,0,0,0.28,0.25,2.1,0,0),
('mezcla  para h/cachapas',366,7.8,6.9,1.5,0,81.3,2,0,2.5,17,135,5,0,0,0,0,0,0,0.1,0.04,2.4,0,0,0),
('mezcla para h/panqueca',343,8.3,8.8,0.5,75.8,77.8,0,0,4.6,436,738,3.2,0,0,0,0,0,0,0,0.28,0.12,4.8,0,0),
('miel de abeja',319,20,0.3,0,79.5,79.5,0,0,0.2,5,16,0.9,2,0.9,0.05,7,35,0,0,0,0.04,0.2,0,4),
('miel de cana',296,25.1,0.5,0.2,73.1,73.1,0,0,1.1,70,42,1.2,0,0,0,0,0,0,0,0.02,0.06,0.4,0,3),
('mostaza',84,0,4.7,4.4,6.4,6.4,0,0,0,84,73,2,48,0,0,1252,130,80,0,0.1,0.2,0.8,0,1),
('palitos de maiz c/leche en polvo',528,2,6.2,30,58.4,58.4,0,0,3.4,63,79,1.2,0,0,0,0,0,0,0,0.04,0.06,0.5,0,0),
('palitos de maiz s/leche en polvo',496,3.9,6,24,58.4,64,0,0,2.1,33,55,1.1,0,0,0,0,0,0,0,0.02,0.06,0.5,0,0),
('papelon blanco',371,6,0.2,0,92.5,92.5,0,0,1.3,70,5,1.1,0,0,0,0,0,0,0,0.01,0.05,0.3,0,0),
('papelon negro',370,5.7,0.6,0,92.5,92,0,0,1.7,174,14,4.2,0,0,0,0,0,0,0,0.01,0.09,0.5,0,0),
('papelon rojo',360,6.5,0.7,0,89.4,89.4,0,0,3.4,236,12,5,0,0,0,0,0,0,0,0.01,0.08,0.5,0,0),
('pasta de tomate',78,70.4,5.2,0.2,13.8,18.8,0,0,5.4,53,107,2,19,0.1,0.4,1120,590,287,1722,0.3,0.2,3.6,0.03,28),
('productos en polvo b/azucar, cacao y leche',393,2,6.8,2.3,0,86.3,5,0,2.6,275,197,2.5,0,0,0,0,0,900,0,1,1.5,10,0,0),
('pudin el polvo',382,2.8,0,0.3,94.9,64.9,0,0,2,0,0,0,0,0,0,0,0,0,0,0,0,0,0,0),
('sopa, caldo de fideos o arroz',320,7.3,18.8,4.3,0,51.9,0,0,17.7,0,0,0,0,0,0,0,0,0,0,0,0,0,0,0),
('sopa, crema de pollo',393,4.8,15.2,14.1,0,51.5,0,0,14.4,0,0,0,0,0,0,0,0,0,0,0,0,0,0,0),
('sopa, crema de vegetales',352,5.4,12.6,9.1,0,55.9,0,0,17,0,0,0,0,0,0,0,0,0,0,0,0,0,0,0),
('cubito de carne',246,2.4,12.1,15.9,13.5,13.5,0,0,56.1,53,59,3.8,0,0,0,0,0,0,0,0,0,0,0,0),
('cubito de pollo',265,2.9,9.7,17.8,16.4,16.4,0,0,53.2,139,90,3.7,0,0,0,0,0,0,0,0,0,0,0,0),
('sopa, minestrone',0,8,13.5,6.7,0,58.7,0,0,13.1,0,0,0,0,0,0,0,0,0,0,0,0,0,0,0),
('sorbete de fruta',152,63.5,1.1,1.5,33.6,33.6,0,0,0.3,40,32,0,0,0,0,0,0,15,90,0.01,0.06,0,0,0),
('tomate, pure de',39,87.2,1.7,0.1,7.8,10.1,2.3,0,0.9,15,40,0.9,0,0,0,0,0,136,816,0.07,0.05,1.7,0,35),
('tomate, salsa de, (ketchup)',94,69.5,2,0.4,20.6,24.5,3.9,0,3.6,12,18,0.8,0,0,0,0,0,190,1140,0.09,0.07,22,0,10),
('aguardiente (40% alcohol)',278,60,0,0,0,0,0,0,0,0,0,0,0,0,0,0,0,0,0,0,0.03,0.2,0,0),
('cerveza (5% alcohol)',48,91.8,0.6,0,3.8,3.8,0,0,0.2,4,26,0,0,0,0,0,0,0,0,0,0,0,0,0),
('ginebra (45% alcohol)',263,62.1,0,0,0,0,0,0,0,0,0,0,0,0,0,0,0,0,0,0,0,0,0,0),
('ponche crema (14 % alcohol)',220,59.4,4.5,5.2,14.4,14.4,0,0,2.6,0,0,0,0,0,0,0,0,0,0,0,0,0,0,0),
('ron (44 % alcohol)',305,56,0,0,0,0,0,0,0,0,0,0,0,0,0,0,0,0,0,0,0,0,0,0),
('vino (promedio 7,5% alcohol)',53,91,0,0,0,0.1,0,0,0,10,10,0,0,0,0,0,0,0,0,0,0,0,0,0),
('vodkal (40% alcohol)',231,66.6,0,0,0,0,0,0,0,0,0,0,0,0,0,0,0,0,0,0,0,0,0,0),
('whixky (42,2 % alcohol)',293,58,0,0,0,0,0,0,0,0,0,0,0,0,0,0,0,0,0,0,0,0,0,0),
('bebidas gaseosas',48,87.9,0,0,12,12,0,0,0.1,0,20,0.2,0,0,0,0,0,0,0,0,0,0,0,0),
('cafe, infusion sin azucar',5,98.5,0.3,0.1,0.8,0.8,0,0,0.3,5,5,0.2,0,0,0,0,0,0,0,0.01,0.01,2.6,0,0),
('cana, jugo de',63,83.8,0.2,0,15.5,15.5,0,0,0.5,36,13,1.6,0,0,0,0,0,0,0,0.02,0.01,0.1,0,0),
('coco, jugo de',18,95.1,0.2,0.1,4.1,4.1,0,0,0.5,20,11,0.4,0,0,0,0,0,0,0,0,0.01,0.1,0,2),
('chicha (9)',98,75.2,0.6,0,0,23.8,0,0,0.4,25,35,0.6,0,0,0,0,0,0,0,0.03,0.03,0.1,0,0),
('chicha envasada (pur-park)',85,78.5,1.6,0.1,0,19.5,0,0,0.3,20,60,0.5,0,0,0,0,0,0,0,0.01,0.02,0.2,0,0),
('malta',48,86.5,0.6,0,11.5,11.5,0,0,1.4,31,58,0.4,0,0,0,0,0,0,0,0.03,0.04,0.7,0,0),
('manzana, jugo fresco',55,85.9,0.1,0,13.7,13.7,0,0,0.3,6,10,0.5,0,0,0,0,0,4,24,0.02,0.03,0,0,1),
('naranja, jugo fresco',29,92.3,0.4,0,6.9,6.9,0,0,0.4,10,15,1.1,0,0,0,0,0,7,42,0.06,0.02,0.2,0,45),
('naranjada',21,94.5,0.2,0,5,5,0,0,0.3,0,0,0,0,0,0,0,0,0,0,0,0,0,0,35),
('pina, jugo enlatado',63,84,0.3,0.1,15.2,15.2,0,0,0.4,15,8,0.5,0,0,0,0,0,8,48,0.05,0.02,0.2,0,9),
('te, infusion',2,98.6,0.1,0,0.4,0.4,0,0,0.9,5,4,0.2,0,0,0,0,0,0,0,0,0.04,0.1,0,0),
('uva, jugo de',74,81,0.4,0,18.2,18.2,0,0,0.4,10,10,0.3,0,0,0,0,0,0,0,0.04,0.05,0.2,0,0),
('almendra',579,4.7,18.6,54.1,4.3,19.6,15.3,0,3,254,475,4.4,170,2.17,0.85,0,835,0,0,0.25,0.67,4.6,0,0),
('avellana',622,7.5,12.5,58,12.4,18.6,6,0,3.6,200,350,4.1,0,0,0,0,0,30,180,0.4,0,0,0,8),
('castana, cocida',190,42.5,3.6,1.9,39.7,48.3,8.6,0,3.7,33,87,1.3,45,0,0.23,2,707,0,0,0.3,0,1.2,0,6),
('mani tostado, sin pelicula',558,3.8,28.8,45.4,8.5,19.6,11.1,0,2.4,36,415,3.2,160,2.8,0.76,11,661,0,0,0.24,0.14,19,0.44,0),
('merey',567,5.6,19.4,42.2,27.3,30.2,2.9,0,2.6,38,497,7.3,267,2.1,3.7,14,6,0,0,0.45,0.13,0,0,0),
('nuez',772,3.3,14,63.3,11.5,17.7,6.2,0,1.7,83,380,2.1,0,0,0,0,0,3,18,0.48,0.13,1.2,0,2),
('nuez del brasil',692,3.8,15.4,67.7,5.3,11.7,6.4,5.1,1.4,150,814,2.2,160,4,0,2,144,0,0,0.73,0,0.3,0,0),
('pistacho',581,5.9,17.6,51.6,11.6,22.2,10.6,0,2.7,136,500,7.3,158,2.8,0,0,1020,138,828,0.67,0,1.4,0,0),
('carne de tortuga',228,60.8,10.5,20.7,0,0,0,0,0.8,18,126,1.3,0,0,0,0,0,0,0,0,0,5.4,0,0),
('copoazu',49,85.3,1.2,0.4,10.2,11.5,1.3,0.8,1.6,5,22,0.9,0,0,0,0,0,0,0,0,0.07,0.7,0,0),
('chufa',317,32.6,4.9,15,0,45.4,0,0,2.1,116,222,9.8,0,0,0,0,0,12,72,0.29,0.22,1.6,0,0),
('guayaba brasilera',12,96.1,0.5,0,2.4,3.3,0.9,0.5,0.1,5,11,0.2,0,0,0,0,0,0,0,0,0,0.4,0,0),
('harina de platano',330,9.5,2.9,0.2,79.2,85.2,6,4.5,2.2,20,71,3.3,0,0,0,0,0,0,0,0.15,0,1.2,0,0),
('larvas de guasimo',55,86.5,7.8,1.2,3.3,3.3,0,0,1.2,90,80,1.5,0,0,0,0,0,0,0,0,0,1.2,0,0),
('manirote (catiguire)',58,84.2,0.8,0.6,0,13.4,0,0,1,30,22,1.2,0,0,0,0,0,270,1620,0,0.06,0.6,0,15),
('manoco',369,10.4,1.6,0.4,78.2,86.4,8.2,5.8,1.2,72,60,3.3,0,0,0,0,0,0,0,0.05,0.05,1.4,0,0),
('manoco de pijiguao',378,6.6,4.9,12.1,62.4,75,12.6,12,1.4,32,52,3.8,0,0,0,0,0,0,0,0,0.01,1.9,0,0),
('moriche gusano de, asado',230,65.9,8.2,19.2,0,5.9,0,0,0.8,20,122,0.8,0,0,0,0,0,0,0,0.9,2.23,11.6,0,0),
('pijiguao',132,68,3.7,5,12,22.3,10.3,10.2,1,46,36,1,0,0,0,0,0,0,0,0,0,0,0,0),
('tupiro',20,92.7,0.5,0,4.4,6.3,1.9,1.1,0.5,7,17,0.7,0,0,0,0,0,0,0,0,0,1.1,0,0),
('yorumo',285,28.5,0.2,0.2,0,70.9,0,0,0.2,51,12,1,0,0,0,0,0,0,0,0,0.02,0.2,0,0),
('vegetales al 5%',25,93.9,1.61,0.22,0,4.28,8.9,0,0,51,41,1.2,0,0,0,0,0,144,0,0.06,0.08,0.58,0,40),
('vegetales al 10%',47,86.4,1.92,0.39,0,8.8,1.54,0,0,34,45,1,0,0,0,0,0,209,0,0.07,0.09,0.9,0,38),
('frutas al 5%',30,92.62,0.66,0.38,0,5.88,0.46,0,0,15,19,0.8,0,0,0,0,0,178,0,0.04,0.05,0.5,0,60),
('frutas al 10%',47,88.05,0.76,0.66,0,9.46,1.07,0,0,26,19,0.63,0,0,0,0,0,48,0,0.05,0.04,0.52,0,119),
('frutas al 15%',70,82.4,0.84,0.51,0,15.48,0.77,0,0,21,20,0.6,0,0,0,0,0,52,0,0.05,0.04,0.52,0,19),
('frutas al 20%',86,78.5,0.89,0.41,0,19.6,0.6,0,0,18,22,0.5,0,0,0,0,0,38,0,0.04,0.04,0.5,0,5),
('frutas al 25%',122,71.5,1.3,1.3,0,26.3,0.5,0,0,35,36,1.53,0,0,0,0,0,49,0,0.04,0.07,1,0,16);
